152.6875
151.875
151.375
149.5
152.625
152.4375
150.625
154.75
149.1875
152.375
149.5625
150.5
154.375
156.6875
149.375
152.375
148.5
155.125
151.9375
154.625
148.8125
154.125
153.75
152.25
151.75
154.125
155.0
150.6875
152.875
150.625
152.5625
149.125
154.8125
153.75
150.625
151.1875
152.0625
155.75
152.375
152.3125
155.1875
150.4375
147.75
151.6875
146.625
152.875
150.5
150.4375
152.5
155.3125
150.0625
154.6875
150.9375
151.375
153.9375
155.9375
150.125
152.75
154.5625
153.125
151.75
153.75
147.5625
150.0
150.5625
151.875
153.0
156.3125
153.375
150.75
149.9375
152.0625
148.0625
152.25
155.1875
152.5625
153.875
150.3125
153.75
154.125
151.25
151.0625
150.5625
154.9375
150.9375
151.9375
150.5
154.3125
151.625
149.8125
150.8125
151.6875
149.25
153.0
156.25
152.75
152.0
150.875
152.1875
155.0
