1191.0
1215.5
1212.5
1201.0
1215.0
1197.0
1206.5
1213.5
1235.5
1224.0
1226.0
1195.5
1223.5
1227.5
1268.0
1224.5
1201.0
1237.5
1223.5
1221.5
1229.5
1230.0
1237.5
1215.5
1232.0
1203.0
1225.0
1218.5
1199.0
1205.0
1228.5
1198.0
1237.0
1200.5
1217.0
1233.5
1219.5
1213.5
1205.0
1249.0
1222.5
1217.5
1222.0
1221.5
1223.0
1227.5
1206.5
1211.0
1190.0
1207.5
1221.5
1229.0
1216.5
1215.0
1200.5
1236.0
1215.5
1216.0
1245.0
1220.0
1208.0
1195.0
1212.0
1214.0
1218.0
1242.5
1233.0
1230.0
1198.5
1204.5
1239.0
1211.0
1208.5
1228.0
1197.5
1200.5
1168.0
1246.0
1200.5
1198.5
1246.5
1226.5
1195.0
1213.5
1215.0
1231.0
1224.5
1224.0
1187.0
1243.0
1220.5
1214.5
1231.0
1195.5
1216.5
1234.0
1189.0
1203.5
1189.5
1221.0
