609.75
624.25
609.75
608.25
594.0
602.75
600.75
599.25
601.0
599.75
608.25
611.0
599.5
614.0
617.5
625.0
601.5
611.75
623.5
605.5
618.25
601.75
615.75
613.0
611.0
621.0
609.25
612.25
617.25
604.75
604.5
597.75
609.0
617.0
600.5
622.0
611.25
603.25
614.5
618.75
605.0
607.5
627.0
600.0
602.75
623.0
597.75
607.75
592.5
602.75
605.75
606.25
601.25
618.75
603.5
610.25
600.5
622.25
617.75
613.75
608.5
599.0
626.25
609.0
583.0
603.5
613.25
615.5
622.0
604.5
617.25
600.25
607.5
605.75
617.25
601.25
599.75
607.75
603.25
621.5
609.25
613.25
610.75
618.0
620.0
615.5
603.75
603.5
599.5
605.75
604.75
602.0
600.75
603.75
619.0
605.75
614.0
615.5
609.0
595.5
