1246.5
1251.0
1200.5
1221.0
1197.5
1204.5
1194.5
1223.5
1219.0
1208.5
1190.0
1230.0
1230.5
1211.5
1223.0
1226.0
1202.0
1228.5
1254.0
1180.0
1223.0
1233.0
1187.0
1185.5
1218.5
1182.5
1240.5
1212.5
1197.0
1247.5
1208.5
1245.0
1234.0
1219.5
1223.0
1180.0
1201.0
1214.5
1202.5
1205.0
1203.5
1218.5
1216.5
1222.5
1253.0
1227.0
1205.5
1234.5
1234.5
1225.0
1215.5
1233.5
1225.0
1225.5
1225.0
1204.5
1226.0
1222.5
1206.0
1232.0
1241.0
1218.5
1221.0
1229.5
1219.5
1231.5
1228.0
1215.5
1216.5
1212.0
1206.0
1206.5
1221.5
1177.5
1204.0
1185.0
1244.0
1203.5
1235.0
1204.0
1199.5
1215.0
1186.0
1186.5
1229.5
1218.5
1231.5
1217.0
1215.0
1227.5
1239.0
1229.0
1231.5
1210.5
1230.5
1258.5
1233.5
1217.0
1222.0
1222.5
