592.0
608.0
607.75
605.75
603.25
607.0
611.75
602.75
622.75
591.5
619.25
606.75
609.75
614.5
607.25
607.0
616.25
612.75
601.5
599.25
608.5
625.5
602.5
599.75
609.0
603.25
617.75
606.5
625.75
614.0
622.5
607.5
605.5
613.75
606.75
615.25
617.0
599.0
586.25
597.75
608.0
608.0
607.0
616.25
612.0
613.0
585.75
584.0
612.5
603.25
601.75
611.25
613.75
589.75
618.0
611.0
620.5
605.75
607.25
600.25
616.0
611.25
609.75
621.5
603.75
610.5
606.5
619.25
596.75
594.75
602.5
610.25
612.25
607.0
622.5
599.75
623.5
610.75
608.25
612.75
605.0
618.75
634.75
609.75
615.5
607.75
592.75
602.0
596.75
611.5
610.5
611.25
616.75
608.25
608.0
613.25
624.0
615.75
598.75
600.5
