311.75
301.5
305.25
303.625
305.25
299.875
304.875
302.875
304.0
301.625
305.25
310.25
300.625
308.0
300.5
304.5
300.75
301.375
301.25
310.0
305.625
305.0
300.75
298.125
307.5
308.75
303.375
305.5
302.5
305.0
305.0
302.25
306.75
300.125
296.75
304.625
298.375
302.625
305.0
298.0
302.875
305.75
314.5
309.5
312.0
302.875
310.875
311.0
308.5
306.375
305.75
299.375
308.875
312.625
307.0
306.125
299.0
307.375
311.25
309.0
301.75
300.125
305.0
303.375
308.0
303.125
300.75
307.125
304.0
309.375
296.125
298.125
300.0
307.625
298.875
303.125
309.0
304.875
306.75
307.75
307.0
301.5
306.0
306.0
302.75
299.0
295.75
301.375
311.125
302.5
302.75
303.0
311.0
298.75
304.5
304.375
306.375
302.125
306.75
306.75
