155.3125
152.9375
154.4375
155.1875
151.0
148.0625
152.125
153.5625
153.8125
147.875
150.625
154.375
149.375
152.0625
153.0625
151.5625
151.25
151.1875
153.8125
150.1875
149.9375
152.0625
153.9375
154.4375
151.5
151.1875
153.75
151.75
159.125
150.5625
148.5625
148.0
156.875
154.4375
149.5
149.1875
152.9375
149.6875
148.75
153.6875
151.75
153.25
153.4375
148.4375
153.0
155.6875
151.4375
156.5625
151.1875
153.0625
150.5
147.5625
149.4375
153.9375
153.75
149.8125
152.8125
155.4375
150.125
148.6875
155.5
149.3125
151.375
157.0
155.0625
155.4375
152.875
154.125
151.9375
150.9375
151.1875
149.9375
152.75
150.8125
150.25
147.375
150.1875
156.625
148.875
150.3125
149.1875
151.5
154.0
153.0
151.5625
152.875
152.25
152.0
157.0625
151.9375
152.125
150.9375
149.8125
151.75
150.3125
151.9375
147.75
151.8125
152.5
151.5625
