296.25
299.375
302.75
306.125
296.5
307.625
310.125
301.625
294.875
308.5
300.625
297.5
304.0
302.625
301.125
304.875
307.0
296.875
304.375
302.875
307.25
303.375
303.625
303.75
301.0
307.125
309.0
297.125
301.125
302.125
306.75
309.375
298.875
305.875
297.125
306.5
301.875
302.125
304.75
296.5
303.0
312.625
301.25
303.75
305.5
305.25
306.0
308.375
307.125
306.0
301.25
301.625
301.125
297.625
304.125
306.125
299.125
316.0
299.75
292.0
301.125
303.625
300.75
306.125
304.75
302.375
303.875
309.875
307.125
292.75
306.0
307.75
302.875
295.125
312.0
295.375
304.75
306.25
296.375
309.75
300.5
303.25
302.875
297.0
304.875
300.5
303.375
304.0
309.25
312.75
301.875
298.625
305.5
313.875
298.25
309.375
302.5
308.0
303.0
306.375
