612.75
622.0
603.25
617.0
611.0
608.5
596.75
598.75
612.25
630.25
609.5
606.75
606.25
626.75
605.5
595.25
603.0
606.75
619.25
615.25
597.75
594.5
599.5
614.75
616.75
611.0
619.75
600.0
596.25
640.5
617.25
606.75
609.0
602.5
620.5
609.5
598.0
608.0
597.5
624.5
610.0
598.25
593.75
611.0
616.25
607.25
591.5
604.0
614.5
594.0
608.5
604.75
610.25
605.75
615.5
610.75
609.0
598.75
604.5
604.5
616.5
606.75
610.0
623.0
599.0
616.25
601.0
599.25
598.75
608.5
592.75
613.5
606.75
592.75
611.75
611.0
607.5
603.0
615.5
611.5
604.25
620.5
614.5
613.75
627.25
621.5
616.75
607.0
604.0
604.75
621.75
594.0
625.75
612.75
601.5
620.75
626.5
616.0
586.75
609.0
