306.75
306.625
299.625
302.5
301.75
307.625
309.0
312.125
309.625
305.875
307.0
310.875
308.5
303.375
309.375
305.125
301.0
295.125
304.125
302.625
303.25
299.75
290.625
296.625
304.75
303.625
295.375
305.5
306.625
302.75
296.625
301.0
299.875
307.0
306.75
308.625
305.25
302.375
300.625
298.25
305.125
298.25
303.0
306.0
309.125
312.75
307.625
309.0
310.0
302.75
305.0
307.0
296.625
303.125
301.375
295.75
305.625
298.75
303.875
301.25
300.0
301.0
301.625
302.0
309.0
305.5
304.375
293.375
300.75
313.125
307.5
301.75
310.125
304.875
303.5
311.25
303.125
306.875
314.125
303.75
304.875
304.375
302.125
299.375
309.375
308.625
304.25
306.875
303.25
303.625
307.625
309.25
297.0
301.5
291.875
317.375
298.875
309.5
307.0
302.375
