1218.0
1227.0
1231.0
1225.0
1240.0
1223.5
1222.5
1215.5
1224.0
1244.5
1200.0
1240.5
1204.0
1207.0
1222.0
1187.5
1211.0
1201.5
1226.0
1222.0
1207.5
1242.5
1220.0
1220.5
1227.0
1206.5
1200.0
1235.0
1238.0
1204.0
1188.0
1232.0
1201.5
1228.0
1200.0
1230.5
1242.5
1238.0
1244.5
1225.0
1214.0
1229.0
1202.0
1193.5
1225.0
1219.0
1223.5
1240.0
1214.5
1220.0
1219.0
1219.0
1242.5
1203.5
1228.0
1224.0
1203.5
1176.0
1185.5
1215.0
1193.0
1194.5
1201.5
1188.5
1182.5
1220.5
1253.0
1227.0
1185.5
1234.0
1220.5
1221.0
1192.5
1223.0
1231.5
1230.5
1216.0
1212.0
1260.0
1212.5
1181.5
1221.0
1240.0
1233.5
1241.5
1246.0
1230.0
1205.5
1213.0
1218.5
1224.5
1221.0
1223.5
1204.5
1224.0
1207.0
1206.5
1214.0
1237.0
1185.0
