1225.5
1203.5
1175.0
1207.5
1224.0
1212.5
1211.0
1213.5
1183.0
1225.0
1238.0
1221.0
1236.5
1222.0
1245.5
1246.5
1183.5
1202.0
1193.5
1215.5
1206.5
1238.5
1210.0
1215.0
1239.5
1218.0
1195.0
1233.0
1213.0
1243.5
1213.0
1231.5
1231.5
1220.5
1233.0
1245.0
1208.0
1241.0
1238.5
1229.0
1208.0
1187.0
1211.5
1224.5
1229.5
1210.0
1208.5
1225.5
1206.0
1189.5
1217.5
1204.5
1206.0
1196.0
1216.0
1203.5
1203.5
1236.0
1205.0
1210.5
1202.0
1217.0
1208.0
1214.5
1175.0
1221.0
1195.0
1215.5
1249.5
1192.0
1221.0
1213.0
1215.0
1218.5
1202.5
1238.5
1205.5
1241.5
1239.0
1217.0
1216.5
1226.5
1209.0
1168.5
1197.5
1215.0
1246.0
1233.5
1215.5
1220.0
1179.0
1239.5
1196.5
1196.0
1177.0
1234.5
1214.0
1206.0
1211.5
1207.5
