1228.5
1216.5
1214.5
1240.5
1236.0
1190.5
1215.0
1261.0
1213.0
1242.0
1199.0
1211.0
1230.0
1234.5
1209.0
1216.0
1209.0
1207.0
1216.0
1219.5
1213.5
1225.0
1214.5
1227.5
1202.0
1217.5
1214.0
1213.5
1193.5
1212.0
1219.0
1217.0
1223.5
1230.0
1243.0
1223.0
1221.0
1225.5
1227.5
1213.0
1251.5
1192.5
1205.5
1203.5
1232.5
1221.5
1218.0
1229.5
1218.0
1237.0
1220.5
1203.5
1216.5
1217.5
1240.5
1209.0
1235.5
1208.0
1215.5
1214.5
1206.0
1228.0
1224.5
1229.5
1226.5
1204.5
1211.5
1216.5
1212.5
1196.5
1234.5
1218.0
1210.5
1226.5
1210.0
1198.5
1256.5
1225.0
1209.0
1217.5
1224.0
1201.5
1219.0
1216.0
1194.5
1252.5
1180.5
1226.5
1224.0
1236.5
1220.0
1210.0
1207.0
1228.5
1221.0
1205.0
1208.0
1244.5
1245.0
1241.5
