152.375
150.875
153.1875
150.6875
150.25
155.75
156.1875
150.375
149.0
153.4375
151.75
153.8125
153.125
158.875
155.25
155.6875
152.0625
150.9375
150.25
153.0625
150.875
152.5
148.0
151.5
151.8125
150.0625
152.9375
151.875
153.5
149.4375
150.375
151.4375
151.625
151.0625
151.3125
152.625
147.0
152.5
154.375
153.0
152.25
151.9375
156.5625
151.0
151.375
152.5625
154.5625
152.75
151.6875
158.625
149.4375
150.5
149.5
152.0
148.375
147.5625
152.0625
150.4375
152.5
147.9375
150.75
155.125
150.4375
153.375
154.3125
153.0
150.4375
152.3125
152.5625
150.4375
150.375
153.75
151.5625
154.375
152.25
152.4375
150.4375
152.25
150.75
154.5
147.75
149.0
153.4375
152.375
148.75
153.25
147.75
156.8125
152.1875
149.6875
146.9375
152.5
150.8125
152.25
152.5
149.3125
157.5625
155.625
152.6875
150.375
