1217.0
1241.0
1223.0
1219.0
1211.0
1198.5
1192.5
1224.0
1221.5
1209.5
1209.0
1195.5
1226.0
1216.0
1213.0
1212.5
1222.0
1212.5
1242.5
1224.0
1203.5
1207.5
1225.0
1221.0
1233.5
1265.0
1229.0
1239.5
1221.5
1215.0
1244.5
1246.0
1198.5
1212.0
1226.5
1229.5
1237.5
1231.0
1241.0
1221.0
1217.5
1220.0
1228.0
1212.5
1225.5
1220.0
1228.5
1214.0
1206.0
1195.0
1212.5
1202.5
1192.0
1212.5
1209.0
1233.0
1225.0
1218.5
1221.5
1227.0
1186.5
1202.0
1185.5
1197.5
1223.0
1221.0
1199.5
1248.0
1194.0
1250.0
1216.0
1198.0
1221.0
1210.0
1233.5
1220.0
1221.5
1244.0
1208.5
1218.5
1239.5
1206.5
1213.5
1230.0
1199.0
1213.0
1236.5
1225.0
1198.5
1227.5
1223.5
1212.5
1194.0
1196.0
1215.0
1228.0
1212.0
1209.0
1216.0
1179.0
