607.5
621.75
607.5
601.0
610.5
585.25
611.25
610.5
613.0
618.25
593.25
606.5
616.5
602.5
602.75
615.75
592.5
614.25
610.25
596.0
605.5
601.5
618.5
608.25
612.5
598.0
603.5
613.25
594.0
596.5
607.75
610.0
606.25
595.0
619.5
607.5
625.5
591.75
611.0
595.75
615.0
626.25
614.25
600.5
598.25
615.0
604.25
622.5
610.5
617.5
602.75
602.0
605.25
598.0
609.0
614.0
609.5
597.0
618.5
609.25
612.75
619.25
607.75
616.25
620.25
611.0
610.75
594.75
602.5
609.75
604.75
606.0
614.5
597.5
621.75
623.0
605.5
607.5
595.75
606.0
594.5
603.75
610.75
608.5
594.0
623.75
608.25
602.0
619.25
607.75
604.75
605.75
612.25
622.5
611.25
598.0
611.5
596.75
616.0
604.75
