150.0
146.625
154.4375
152.125
154.375
153.4375
150.5625
150.6875
150.6875
152.4375
148.1875
153.5625
147.375
149.25
151.9375
148.625
152.125
150.9375
151.0625
153.0
156.4375
153.6875
154.1875
150.0
151.3125
151.125
152.3125
148.625
152.4375
153.875
152.5
155.1875
156.875
153.0625
151.875
151.9375
151.5
153.5625
152.8125
153.625
149.375
152.0625
149.5
154.875
150.25
157.5
152.25
154.1875
150.9375
153.0625
154.625
152.0
150.0625
152.875
154.125
150.0
153.5625
148.375
152.875
150.8125
152.8125
153.25
152.75
150.625
152.0625
149.75
151.0625
146.9375
151.625
150.8125
152.1875
149.875
153.875
152.1875
150.3125
148.4375
153.8125
154.9375
151.75
148.9375
153.25
153.6875
158.0625
149.1875
151.5
151.8125
155.3125
146.9375
150.375
152.8125
152.25
151.3125
149.5
151.125
152.875
156.8125
152.875
153.4375
152.5
154.5
