605.25
622.75
616.5
608.75
611.5
598.75
610.25
608.75
620.0
608.75
611.25
616.5
606.75
595.25
601.0
620.5
602.25
594.0
609.0
619.25
605.5
617.25
607.25
621.5
591.5
618.75
609.75
591.75
602.0
599.75
613.0
618.5
609.5
608.75
598.0
623.0
615.25
610.75
625.0
591.5
617.0
611.0
604.0
618.75
603.25
610.75
597.5
617.0
595.5
617.75
608.75
605.5
593.5
603.75
609.0
608.5
601.0
594.5
633.75
634.25
607.0
605.25
613.5
619.5
618.25
618.5
615.0
616.0
614.0
618.25
604.5
614.5
611.75
601.0
605.25
619.25
620.0
613.25
596.75
609.0
619.0
622.0
598.25
613.75
614.5
613.0
606.5
599.75
618.0
610.0
610.75
608.5
596.25
612.25
611.75
602.25
614.25
600.0
608.0
595.0
