299.375
303.625
306.375
308.625
294.875
299.375
295.875
299.875
307.75
303.625
300.125
310.0
305.25
312.0
307.875
299.125
300.5
301.625
306.125
303.875
308.25
305.875
303.875
305.25
303.75
305.875
300.75
306.125
299.0
297.75
305.875
307.375
303.125
295.0
301.25
307.875
303.5
298.875
301.375
301.25
306.125
300.0
298.0
304.5
305.875
300.375
303.375
310.25
299.375
297.75
312.5
307.25
303.25
305.625
304.125
308.75
289.125
312.5
301.0
306.5
305.25
308.5
301.875
303.875
302.5
304.125
309.0
314.25
301.75
309.25
309.125
299.5
308.25
300.375
307.25
303.875
309.0
306.25
306.125
304.75
306.875
294.875
310.625
310.25
304.875
307.625
304.25
308.625
303.25
301.5
303.25
310.625
298.625
302.75
307.0
302.25
305.125
308.875
309.0
310.5
