606.0
613.0
604.5
623.75
600.5
613.0
605.75
604.25
609.75
606.25
613.75
595.75
614.25
583.25
608.25
597.25
607.25
600.5
607.25
605.25
625.5
607.5
606.0
602.0
608.25
595.25
590.5
610.75
609.75
610.0
622.0
588.5
599.5
610.5
605.5
587.25
587.75
624.0
610.25
611.0
600.5
597.5
601.0
604.25
596.0
621.75
620.0
596.25
608.5
611.75
607.5
619.5
614.0
603.5
607.25
607.75
599.25
617.25
604.0
610.25
602.5
617.5
604.0
618.0
616.0
606.0
621.0
592.75
607.5
610.5
615.75
609.75
610.5
618.0
602.25
599.5
609.0
614.0
606.25
616.0
605.25
613.75
622.75
629.75
617.0
618.75
614.0
604.75
614.5
602.25
615.0
611.0
616.0
622.5
595.75
599.25
612.75
623.25
609.0
615.0
