301.625
307.25
307.375
308.0
300.125
308.0
296.0
296.875
309.125
307.75
303.875
298.0
299.0
300.75
303.875
299.25
301.0
299.125
301.5
304.0
300.25
306.625
311.625
297.5
305.25
298.875
303.75
303.375
307.625
301.5
310.625
302.25
306.5
303.625
310.625
306.125
305.25
304.875
302.375
306.0
300.25
305.5
300.125
296.75
309.375
290.375
306.125
304.375
304.0
296.875
302.625
303.25
307.125
305.125
300.75
302.375
301.0
301.25
308.0
300.75
305.0
292.375
300.75
296.25
304.125
300.875
301.75
305.0
305.875
299.0
316.875
304.75
307.75
305.25
303.375
304.5
297.125
306.5
305.0
297.0
308.25
315.0
301.125
305.125
305.25
298.75
311.125
299.625
308.5
309.5
305.875
308.25
306.75
308.375
302.875
297.75
309.875
304.25
297.375
305.75
