152.5
149.75
151.125
149.1875
152.125
153.75
149.0625
153.5
153.625
151.875
154.625
151.25
152.8125
155.625
154.875
152.0625
149.75
152.625
150.375
150.5625
152.375
154.0625
155.1875
152.8125
154.5625
150.0
151.25
149.25
152.6875
151.125
149.3125
153.1875
150.6875
154.5
157.125
151.625
150.9375
154.0625
150.5625
152.25
150.0625
152.375
150.875
151.5
150.3125
149.4375
151.9375
156.6875
152.875
150.1875
148.0625
148.625
154.6875
151.875
153.125
152.5625
153.0625
151.1875
151.5625
152.1875
157.5625
151.6875
152.9375
150.75
153.3125
151.4375
152.375
151.4375
149.625
152.125
152.75
151.5
151.3125
151.125
145.5
157.625
150.0625
152.3125
154.125
151.0625
154.0
152.0
151.4375
153.6875
152.9375
150.5
148.3125
150.1875
154.5
152.3125
148.3125
155.0625
149.625
152.625
152.6875
155.875
153.5
149.5
154.5625
152.375
