302.375
305.25
308.625
307.5
307.25
302.625
304.875
304.375
304.625
295.125
298.0
302.625
298.625
310.75
302.5
304.625
308.875
295.75
307.375
299.125
298.875
306.625
307.375
303.625
301.75
300.125
299.0
301.125
298.125
304.625
302.0
301.25
305.0
309.125
301.625
308.75
301.5
303.125
303.5
305.25
309.125
304.875
311.125
300.25
308.75
300.625
301.0
304.375
310.0
303.625
306.25
307.75
307.125
301.125
303.0
297.875
306.125
303.875
296.0
305.625
305.5
301.875
312.0
304.5
302.5
302.125
308.25
306.25
299.125
303.375
308.75
299.25
303.75
306.625
306.5
312.75
307.0
311.0
308.875
308.875
306.0
303.375
302.625
310.0
305.125
305.125
300.375
296.625
310.5
305.375
308.25
302.375
298.25
304.75
311.25
303.75
308.375
302.75
303.5
301.75
