153.125
151.625
152.3125
152.1875
156.875
151.5
153.5625
153.875
154.125
154.8125
149.3125
152.6875
153.0625
148.0625
151.625
152.75
154.4375
147.875
150.625
156.375
153.0
150.9375
154.75
152.25
152.625
150.9375
149.6875
156.0
151.5
152.0
151.0
152.5
154.4375
151.125
146.5
150.75
152.0625
155.4375
151.875
151.5625
151.5625
153.0
150.125
149.0625
156.1875
152.875
153.5
152.0
152.8125
152.0
152.6875
152.3125
153.75
151.8125
150.75
152.0625
154.4375
150.9375
149.625
150.75
152.3125
154.75
153.25
157.9375
154.125
151.3125
156.4375
149.4375
153.875
153.875
153.875
155.625
153.0625
150.6875
150.8125
150.0
151.5625
156.125
150.0
156.1875
154.5
154.875
151.5
150.9375
151.0
148.25
151.875
152.6875
155.0625
150.5
151.8125
153.4375
151.4375
152.5625
153.0625
152.5
153.25
154.5625
154.0625
156.5625
