747.0
725.0
778.5
752.5
777.0
764.5
756.0
778.0
797.5
776.0
770.5
788.0
786.0
789.5
774.5
765.0
787.5
768.5
768.5
785.5
758.5
780.0
739.5
764.5
771.5
776.0
794.5
751.0
819.5
774.0
779.5
792.0
747.5
773.0
771.5
767.5
802.0
756.0
783.5
774.5
742.0
772.0
775.0
796.5
755.5
762.5
744.5
745.0
782.5
811.0
766.5
784.5
769.0
773.5
749.0
781.5
780.5
792.0
777.5
768.5
760.0
778.0
776.0
776.0
769.0
745.0
772.0
751.0
749.5
800.0
766.5
752.0
755.5
744.0
784.0
769.0
755.5
774.0
736.0
749.5
765.5
743.5
782.5
753.5
804.5
773.5
760.5
759.0
780.0
785.5
759.5
762.0
771.5
775.5
768.0
750.0
775.0
744.5
754.5
749.0
