339.75
332.25
319.0
329.5
320.5
319.5
330.5
330.25
340.5
340.75
328.0
330.0
338.75
333.25
339.25
325.5
328.0
334.0
342.5
335.5
324.5
331.5
325.25
330.5
347.75
331.25
338.25
329.75
331.0
322.5
318.25
325.0
330.0
330.75
331.0
336.0
328.25
317.0
315.5
330.5
332.0
343.5
336.5
339.5
330.5
319.5
332.5
334.75
326.75
332.5
312.5
333.75
326.75
329.25
334.5
316.5
336.75
330.5
321.0
327.75
351.25
319.0
329.5
335.5
320.75
331.25
330.25
339.25
335.5
322.0
317.25
336.75
335.0
337.75
339.5
334.5
326.5
309.75
333.5
333.75
328.0
319.75
327.25
332.5
323.75
336.25
346.0
320.25
325.25
321.0
339.5
325.0
325.5
326.25
317.0
316.5
341.75
342.75
317.25
324.75
