270.75
269.0
267.0
275.0
259.24999999999994
277.5
266.0
258.24999999999994
262.5
262.25
270.75
276.0
272.5
269.25
266.0
257.0
270.5
264.25
273.5
264.75
266.5
278.5
266.75
278.25
283.0
282.0
282.5
266.75
268.5
268.0
280.25
263.25
269.25
286.75
278.0
272.0
272.25
265.5
275.75
276.75
279.5
267.5
275.25
283.5
271.75
272.25
263.25
276.75
257.74999999999994
268.5
274.5
281.0
277.5
274.25
272.25
274.5
272.0
279.0
280.5
275.0
278.5
265.75
263.25
276.25
279.5
279.5
277.5
281.75
274.75
259.5
274.75
285.75
271.5
268.0
270.0
272.25
272.5
276.75
277.25
264.5
263.5
276.5
269.5
278.75
276.75
274.25
271.75
272.0
274.75
280.5
274.5
262.0
267.25
275.25
263.5
277.0
266.5
275.75
270.5
262.75
