483.6666666666667
482.6666666666667
458.0
477.0
477.3333333333333
471.3333333333333
470.3333333333333
467.6666666666667
503.6666666666667
475.0
465.0
492.0
481.0
463.0
466.3333333333333
471.6666666666667
476.6666666666667
479.0
466.6666666666667
484.6666666666667
459.6666666666667
470.3333333333333
484.0
480.3333333333333
465.6666666666667
499.33333333333337
464.3333333333333
488.6666666666667
463.6666666666667
477.3333333333333
479.6666666666667
458.6666666666667
497.0
480.6666666666667
474.3333333333333
479.3333333333333
476.0
463.6666666666667
472.0
503.0
486.6666666666667
480.6666666666667
474.3333333333333
468.6666666666667
474.6666666666667
481.3333333333333
483.6666666666667
488.6666666666667
467.6666666666667
471.6666666666667
453.6666666666667
481.3333333333333
481.6666666666667
492.33333333333337
494.66666666666663
469.0
480.0
480.6666666666667
471.6666666666667
459.0
479.0
471.3333333333333
467.0
476.3333333333333
475.6666666666667
481.3333333333333
468.3333333333333
449.6666666666667
482.0
488.0
474.3333333333333
481.6666666666667
481.6666666666667
474.3333333333333
463.0
494.0
470.0
492.66666666666663
472.6666666666667
485.0
474.0
487.3333333333333
484.6666666666667
474.6666666666667
486.3333333333333
486.3333333333333
489.3333333333333
498.0
467.0
493.33333333333337
484.3333333333333
479.0
477.3333333333333
472.6666666666667
506.0
490.66666666666663
470.0
468.0
487.0
488.3333333333333
