159.8
162.6
162.4
156.4
160.6
155.4
164.2
158.2
160.0
157.0
165.6
152.8
160.0
162.2
156.6
147.2
161.8
160.0
161.8
159.8
159.8
157.6
164.8
161.4
159.4
162.8
147.6
164.2
157.8
159.4
170.6
165.0
150.2
159.0
151.8
155.6
158.0
158.6
157.0
159.2
163.8
155.6
157.0
154.6
153.2
159.8
157.0
153.8
161.4
157.0
154.0
154.6
161.8
166.6
165.2
160.0
157.6
155.6
159.4
162.2
155.8
156.6
155.4
160.0
167.0
161.8
162.2
168.6
159.0
156.2
165.2
154.4
161.4
149.8
161.0
155.2
165.4
164.0
161.0
157.2
157.4
169.4
158.0
154.8
166.6
154.8
154.8
158.0
158.0
158.6
160.6
160.6
159.6
162.8
153.2
165.0
155.6
165.0
154.2
152.8
