104.57142857142857
106.14285714285712
108.0
108.0
112.71428571428571
109.85714285714286
107.28571428571429
105.42857142857142
109.0
116.28571428571429
114.0
110.42857142857143
109.85714285714286
110.14285714285714
113.57142857142858
113.14285714285714
111.14285714285714
112.28571428571428
108.57142857142857
113.71428571428571
108.42857142857143
105.42857142857142
104.28571428571429
101.85714285714286
115.0
108.28571428571429
104.71428571428572
115.85714285714286
106.57142857142857
111.0
101.57142857142858
111.57142857142857
113.85714285714286
108.57142857142857
103.42857142857142
110.42857142857143
109.14285714285714
114.42857142857143
111.28571428571428
117.42857142857142
101.42857142857142
112.42857142857143
106.85714285714286
106.28571428571429
104.14285714285714
112.42857142857143
102.85714285714286
103.0
108.42857142857143
105.71428571428572
104.71428571428572
112.28571428571428
109.14285714285714
105.71428571428572
104.57142857142857
107.28571428571429
101.85714285714286
105.85714285714286
115.42857142857142
115.14285714285714
104.71428571428572
110.0
107.28571428571429
112.42857142857143
111.0
99.85714285714286
102.42857142857142
112.0
111.85714285714288
110.28571428571429
115.71428571428571
109.28571428571429
113.42857142857143
106.71428571428572
108.14285714285714
102.28571428571429
105.28571428571429
113.85714285714286
109.0
104.71428571428572
104.0
110.57142857142857
110.57142857142857
104.57142857142857
107.85714285714286
106.14285714285712
106.42857142857143
114.85714285714286
107.0
110.42857142857143
108.14285714285714
106.71428571428572
101.71428571428571
100.42857142857142
113.42857142857143
107.85714285714286
107.28571428571429
109.14285714285714
108.85714285714286
104.57142857142857
