785.0
818.0
847.5
846.5
843.5
827.5
838.5
859.0
846.5
821.5
831.5
886.0
834.5
821.5
840.5
818.5
854.5
845.5
844.0
820.0
823.0
835.5
824.0
877.5
853.5
839.0
811.5
806.0
838.0
840.0
829.0
859.0
813.0
860.5
853.0
835.5
844.0
824.5
870.0
817.5
855.5
848.5
830.5
847.5
827.0
844.5
829.5
823.0
824.0
845.5
826.0
821.5
834.5
856.5
828.5
851.0
824.0
831.0
832.0
837.5
847.5
850.0
818.0
834.0
848.0
863.5
875.5
838.5
812.5
838.0
829.5
834.5
824.5
819.0
829.5
845.5
825.5
793.0
834.5
835.5
838.0
832.5
816.0
831.0
826.5
832.0
814.0
825.5
855.5
811.5
821.5
824.0
844.5
832.5
855.0
842.5
833.5
825.0
843.5
849.0
