111.33333333333334
110.83333333333334
101.33333333333333
113.5
105.66666666666667
112.33333333333333
109.5
113.83333333333333
109.33333333333334
111.0
115.0
111.33333333333334
114.16666666666667
109.33333333333334
105.83333333333333
112.83333333333333
110.5
116.5
114.16666666666667
108.83333333333334
111.16666666666666
109.0
112.16666666666667
106.33333333333333
102.83333333333333
107.33333333333334
108.33333333333334
110.5
114.83333333333333
106.33333333333333
108.83333333333334
110.5
109.5
117.0
109.83333333333334
105.5
110.5
109.0
113.5
106.16666666666667
107.16666666666666
115.16666666666667
107.83333333333334
117.16666666666667
111.66666666666666
110.33333333333334
102.83333333333333
112.33333333333333
110.66666666666666
108.33333333333334
114.83333333333333
110.66666666666666
105.33333333333333
108.0
101.0
116.5
113.83333333333333
111.16666666666666
109.83333333333334
108.83333333333334
110.83333333333334
110.66666666666666
111.5
108.33333333333334
111.66666666666666
112.0
116.5
108.16666666666666
105.5
107.83333333333334
104.83333333333333
115.33333333333333
108.33333333333334
107.5
107.66666666666666
111.33333333333334
106.33333333333333
108.83333333333334
115.0
110.66666666666666
103.66666666666667
108.5
107.5
108.0
114.66666666666667
109.0
103.16666666666667
115.16666666666667
114.5
113.33333333333333
102.5
105.5
116.0
105.33333333333333
110.83333333333334
107.33333333333334
112.33333333333333
109.5
117.0
109.16666666666666
