91.28571428571429
87.71428571428571
85.71428571428571
93.14285714285714
85.71428571428571
88.42857142857142
91.14285714285712
85.28571428571429
91.57142857142857
89.57142857142857
89.57142857142857
90.0
85.28571428571429
82.42857142857143
88.71428571428572
88.71428571428572
90.85714285714286
89.42857142857142
85.42857142857142
86.85714285714286
82.71428571428571
86.71428571428571
83.42857142857143
85.42857142857142
86.28571428571429
87.57142857142858
85.0
84.71428571428571
90.85714285714286
86.14285714285714
85.0
91.85714285714286
92.0
84.42857142857142
91.0
89.42857142857142
83.14285714285714
89.28571428571429
93.57142857142857
84.71428571428571
82.85714285714286
86.71428571428571
91.14285714285712
85.57142857142858
86.57142857142858
87.57142857142858
86.0
83.42857142857143
84.85714285714286
89.57142857142857
84.28571428571429
93.42857142857143
88.0
91.0
91.0
90.85714285714286
86.85714285714286
87.71428571428571
90.14285714285714
93.71428571428571
90.0
92.0
82.14285714285714
89.85714285714286
82.57142857142858
87.85714285714286
88.57142857142857
90.42857142857143
90.85714285714286
90.0
89.71428571428572
87.85714285714286
88.57142857142857
89.42857142857142
88.85714285714286
83.71428571428571
84.0
83.0
92.57142857142857
89.0
86.28571428571429
91.14285714285712
90.14285714285714
80.57142857142857
92.28571428571429
89.14285714285714
85.14285714285714
94.14285714285714
89.14285714285714
80.71428571428571
88.85714285714286
87.0
87.57142857142858
89.14285714285714
87.57142857142858
87.28571428571429
83.14285714285714
83.28571428571428
86.57142857142858
90.0
