528.3333333333334
521.3333333333333
519.6666666666667
512.0
511.3333333333333
522.0
524.6666666666666
511.0
509.6666666666667
526.0
508.0
515.0
517.3333333333333
513.6666666666667
519.3333333333333
495.33333333333337
509.6666666666667
517.0
518.6666666666667
527.0
514.6666666666667
524.6666666666666
516.3333333333333
535.0
519.6666666666667
525.6666666666666
537.3333333333334
526.3333333333334
525.6666666666666
524.3333333333334
527.6666666666666
537.0
533.6666666666666
524.0
511.6666666666667
517.0
522.3333333333333
517.6666666666667
501.0
527.0
535.6666666666666
511.0
515.3333333333333
497.66666666666663
508.3333333333333
523.3333333333333
507.0
517.3333333333333
499.0
524.6666666666666
543.0
517.6666666666667
509.6666666666667
531.3333333333334
525.3333333333334
528.6666666666666
517.3333333333333
511.6666666666667
522.0
517.0
522.6666666666666
519.6666666666667
493.66666666666663
522.3333333333333
520.6666666666667
532.0
505.0
511.3333333333333
500.6666666666667
518.0
517.3333333333333
505.3333333333333
516.0
518.6666666666667
520.3333333333333
496.66666666666663
520.0
528.3333333333334
501.0
516.6666666666667
525.6666666666666
528.0
519.3333333333333
509.6666666666667
518.6666666666667
530.0
510.0
512.3333333333333
504.6666666666667
505.0
517.0
516.6666666666667
514.3333333333333
500.0
517.6666666666667
507.3333333333333
524.0
500.3333333333333
524.3333333333334
511.0
