698.5
687.0
678.0
705.5
673.0
685.0
679.0
682.5
668.5
667.0
685.0
687.0
688.0
694.5
672.5
697.5
696.5
687.5
712.0
682.0
661.5
679.5
701.5
677.5
691.5
695.0
669.5
677.5
693.0
696.0
648.5
701.5
672.5
687.0
678.0
691.0
664.0
692.0
684.5
700.5
702.5
694.0
672.5
681.0
714.5
712.0
693.5
666.5
687.0
701.5
689.5
673.0
693.5
707.0
678.5
684.5
701.5
660.5
700.0
666.0
664.0
728.0
675.0
669.0
697.0
668.5
691.0
704.0
687.0
684.0
657.0
697.5
690.0
669.5
683.5
704.0
687.0
678.5
692.5
676.5
679.5
724.0
704.0
712.5
691.0
692.5
692.0
723.0
661.0
652.5
697.5
673.0
686.0
684.0
690.5
689.0
699.0
677.0
669.5
668.5
