228.2
218.8
221.2
222.2
215.4
211.2
218.8
222.6
224.6
222.8
218.2
219.0
221.8
234.0
221.6
221.0
215.2
228.8
220.8
223.0
217.0
230.0
214.6
216.8
220.2
226.4
203.4
222.2
218.6
222.2
222.4
219.2
217.6
232.2
216.6
222.6
220.4
210.2
217.2
222.6
223.8
222.2
207.8
217.6
229.2
214.0
216.0
212.2
229.6
227.2
229.4
223.6
215.6
204.2
217.4
221.0
231.4
227.4
224.4
228.2
235.4
211.0
220.4
219.2
213.8
210.0
221.2
226.0
223.8
226.0
226.2
222.8
229.8
217.0
219.8
217.8
214.4
224.2
223.0
222.6
219.6
225.2
222.6
228.4
217.2
217.4
221.8
220.2
221.4
219.0
222.4
221.2
227.2
224.2
221.6
220.2
217.8
219.6
220.0
220.2
