388.0
373.66666666666663
375.33333333333337
387.3333333333333
383.33333333333337
397.0
396.6666666666667
367.0
372.0
387.6666666666667
394.6666666666667
385.6666666666667
366.33333333333337
375.33333333333337
389.6666666666667
388.6666666666667
384.0
380.66666666666663
396.6666666666667
384.66666666666663
388.3333333333333
398.0
384.66666666666663
383.66666666666663
387.3333333333333
373.33333333333337
401.6666666666667
390.3333333333333
379.0
365.0
399.6666666666667
387.0
381.0
379.66666666666663
398.3333333333333
377.33333333333337
411.0
377.66666666666663
350.3333333333333
399.3333333333333
383.33333333333337
408.6666666666667
381.0
375.33333333333337
377.33333333333337
371.0
383.0
376.66666666666663
385.33333333333337
382.66666666666663
390.0
394.3333333333333
372.0
386.3333333333333
386.6666666666667
393.3333333333333
382.66666666666663
369.0
389.3333333333333
384.33333333333337
374.33333333333337
377.33333333333337
410.0
395.3333333333333
387.6666666666667
390.6666666666667
378.66666666666663
385.0
381.0
389.6666666666667
382.33333333333337
406.3333333333333
391.3333333333333
383.0
379.66666666666663
373.33333333333337
399.0
386.6666666666667
378.33333333333337
379.66666666666663
389.0
390.0
387.3333333333333
408.0
396.6666666666667
383.0
380.33333333333337
390.0
388.6666666666667
374.33333333333337
372.0
373.66666666666663
400.0
401.3333333333333
401.0
379.0
386.6666666666667
386.3333333333333
398.6666666666667
384.0
