923.5
879.0
917.0
869.0
941.5
882.5
912.0
905.0
927.0
900.5
917.5
886.5
893.5
904.5
888.5
903.0
891.0
916.5
917.5
886.5
887.0
924.0
897.5
898.0
897.5
902.0
903.0
919.0
921.5
909.5
924.0
925.5
923.0
907.0
921.0
901.0
922.5
920.5
897.5
950.0
913.5
907.5
906.0
913.5
913.0
872.5
933.0
926.5
889.5
906.5
924.0
908.0
900.5
902.5
901.5
885.5
932.5
911.5
902.5
897.5
892.0
914.5
892.0
947.0
901.5
899.0
882.5
931.0
929.0
906.0
892.5
898.5
874.5
910.0
905.0
911.0
908.0
877.0
896.0
952.5
914.5
905.5
914.5
909.5
906.0
907.0
896.5
897.0
884.5
916.0
905.0
902.5
910.0
905.5
924.5
888.5
881.0
891.5
932.0
905.0
