96.71428571428571
102.71428571428571
98.85714285714286
96.14285714285714
100.0
92.85714285714286
100.14285714285714
96.71428571428571
98.42857142857143
101.85714285714286
102.57142857142858
101.0
90.57142857142857
99.28571428571429
99.42857142857142
92.14285714285712
95.71428571428571
96.85714285714288
102.71428571428571
107.71428571428572
98.57142857142858
103.28571428571429
102.42857142857142
95.28571428571428
103.71428571428571
97.42857142857143
98.85714285714286
102.0
103.28571428571429
95.85714285714288
96.0
96.42857142857143
96.71428571428571
93.42857142857143
99.85714285714286
92.57142857142857
96.42857142857143
100.0
101.0
100.28571428571429
104.85714285714286
104.0
101.28571428571429
99.14285714285714
100.14285714285714
93.85714285714286
93.0
103.42857142857142
94.0
101.57142857142858
91.57142857142857
104.0
97.28571428571428
103.42857142857142
99.14285714285714
101.28571428571429
100.14285714285714
102.28571428571429
95.42857142857143
93.28571428571429
102.71428571428571
100.57142857142858
97.57142857142858
94.71428571428571
105.71428571428572
96.85714285714288
103.71428571428571
95.28571428571428
102.42857142857142
93.85714285714286
101.0
102.0
94.28571428571429
96.85714285714288
98.0
97.14285714285714
92.14285714285712
95.28571428571428
102.28571428571429
95.71428571428571
97.42857142857143
101.14285714285714
97.0
98.28571428571428
102.28571428571429
103.14285714285714
94.85714285714286
105.28571428571429
96.14285714285714
92.85714285714286
100.85714285714286
101.57142857142858
100.57142857142858
98.28571428571428
98.85714285714286
95.42857142857143
99.0
104.57142857142857
108.28571428571429
97.57142857142858
