138.0
141.83333333333334
143.33333333333334
141.83333333333334
135.66666666666666
135.33333333333334
142.0
138.33333333333334
138.0
137.16666666666666
147.83333333333334
147.16666666666666
144.33333333333334
150.16666666666666
136.66666666666666
143.83333333333334
140.16666666666666
132.5
143.16666666666666
143.16666666666666
136.0
135.0
145.66666666666666
144.66666666666666
127.0
137.16666666666666
143.16666666666666
138.16666666666666
137.0
136.0
134.33333333333334
145.0
134.0
144.0
140.33333333333334
130.66666666666666
142.33333333333334
145.33333333333334
144.0
147.66666666666666
140.0
140.16666666666666
137.33333333333334
137.5
141.16666666666666
139.0
143.66666666666666
139.0
139.33333333333334
143.5
133.33333333333334
142.83333333333334
147.33333333333334
136.66666666666666
141.0
140.0
127.5
135.33333333333334
142.33333333333334
142.16666666666666
147.0
140.66666666666666
139.83333333333334
140.0
139.16666666666666
134.33333333333334
141.5
136.5
145.83333333333334
136.83333333333334
146.83333333333334
135.33333333333334
145.5
133.16666666666666
138.5
141.33333333333334
135.0
135.83333333333334
133.33333333333334
148.16666666666666
137.83333333333334
146.0
147.66666666666666
140.33333333333334
139.5
140.83333333333334
133.16666666666666
135.83333333333334
137.83333333333334
146.5
135.83333333333334
143.33333333333334
135.5
145.0
141.16666666666666
138.33333333333334
136.0
142.83333333333334
135.33333333333334
138.33333333333334
