151.33333333333331
148.83333333333334
152.0
146.33333333333334
155.5
156.66666666666669
153.5
147.0
156.16666666666669
154.5
141.5
151.83333333333331
147.16666666666666
158.5
152.0
158.83333333333331
153.5
144.0
148.16666666666666
161.83333333333334
140.16666666666666
161.33333333333334
156.33333333333331
157.33333333333331
149.33333333333334
155.0
145.16666666666666
160.66666666666669
157.16666666666669
157.0
154.83333333333331
150.33333333333334
153.83333333333331
152.16666666666669
156.0
149.83333333333334
154.83333333333331
154.5
143.83333333333334
157.0
151.66666666666669
161.0
154.33333333333331
152.0
164.83333333333334
150.66666666666666
161.16666666666669
155.5
148.5
151.16666666666666
154.66666666666669
153.33333333333331
155.0
153.33333333333331
156.5
151.5
155.33333333333331
162.5
156.0
159.66666666666669
158.5
157.66666666666669
153.5
148.5
147.0
152.16666666666669
155.0
152.5
159.66666666666669
155.0
148.66666666666666
152.83333333333331
149.33333333333334
152.66666666666669
154.0
151.83333333333331
154.83333333333331
152.16666666666669
155.16666666666669
162.16666666666666
154.33333333333331
152.66666666666669
155.0
141.16666666666666
150.66666666666666
145.0
164.83333333333334
154.66666666666669
154.5
152.33333333333331
153.66666666666669
155.83333333333331
152.33333333333331
152.0
152.5
151.16666666666666
154.83333333333331
154.33333333333331
152.66666666666669
150.66666666666666
