238.5
241.25
232.5
239.5
236.75
236.75
244.5
237.25
240.25
237.75
233.0
242.75
239.75
243.0
245.5
232.75
247.25
234.5
243.75
243.25
235.0
247.5
233.25
237.5
243.0
239.75
236.0
242.75
251.5
250.24999999999997
239.25
249.5
245.75
250.24999999999997
235.0
240.75
250.0
240.75
244.5
249.75
238.75
246.5
234.75
232.0
239.25
255.74999999999997
249.5
251.5
244.5
246.0
235.25
238.25
243.5
236.5
252.0
242.0
245.75
248.0
242.25
245.5
236.25
237.25
233.75
243.75
237.25
238.75
232.0
228.5
236.75
238.5
246.0
226.5
238.0
255.5
241.25
227.5
240.75
241.25
242.0
235.25
236.5
253.0
245.75
241.25
250.74999999999997
238.0
244.0
237.25
233.5
230.75
240.75
232.25
230.25
241.75
238.0
241.0
227.75
226.0
230.25
246.5
