200.6
207.6
198.6
196.6
204.4
212.2
206.6
195.6
196.0
201.8
203.0
203.0
189.8
207.0
191.0
206.6
208.0
196.2
208.6
198.4
204.0
200.4
196.6
188.4
210.6
205.0
199.8
194.4
199.6
208.4
208.8
196.2
194.4
209.2
199.0
196.4
196.6
207.8
195.0
206.8
196.0
199.0
191.6
200.0
198.8
195.4
205.6
211.4
207.0
210.0
199.8
203.0
202.6
204.0
200.0
203.0
195.4
198.2
210.4
204.0
199.0
215.4
198.2
206.6
187.4
200.0
202.8
192.4
191.4
204.0
197.2
210.2
198.8
208.0
198.8
216.2
197.6
201.4
200.6
202.2
210.4
195.8
203.4
207.8
204.8
196.8
195.6
206.0
198.0
205.4
196.6
215.4
212.8
211.2
194.8
210.8
204.0
199.6
198.4
196.8
