293.25
297.75
279.25
297.5
297.0
304.0
295.5
311.75
311.0
306.25
306.0
311.25
303.25
308.0
289.75
300.25
300.0
313.0
304.0
291.0
300.5
304.5
300.75
304.25
308.0
288.5
305.5
294.0
315.25
304.25
293.0
292.5
295.25
287.75
302.0
297.0
304.75
304.25
293.25
295.0
311.5
303.25
292.0
298.75
298.25
307.0
308.5
299.25
291.5
291.75
297.75
303.25
303.5
293.75
297.25
300.25
306.75
302.25
296.0
305.75
307.0
285.25
305.25
294.0
309.5
302.25
291.0
290.25
295.25
310.5
303.0
291.75
301.75
308.0
297.5
310.5
298.75
304.0
299.5
290.25
307.25
305.25
307.75
311.0
298.0
294.5
308.75
296.5
298.25
309.0
293.75
298.0
305.25
307.5
287.75
309.25
299.25
300.5
311.25
288.75
