124.0
130.33333333333331
122.5
123.0
128.16666666666669
122.66666666666666
119.5
128.16666666666669
129.0
125.66666666666667
126.33333333333333
125.83333333333333
126.33333333333333
131.66666666666666
130.83333333333331
126.33333333333333
126.66666666666667
118.16666666666667
124.66666666666666
126.83333333333333
127.33333333333333
123.66666666666666
119.83333333333333
131.83333333333334
123.0
128.33333333333331
124.66666666666666
125.16666666666667
124.33333333333334
128.0
120.16666666666667
118.0
128.33333333333331
121.16666666666667
126.5
120.5
126.5
125.33333333333333
118.0
126.83333333333333
126.16666666666667
122.0
124.83333333333334
124.33333333333334
117.0
121.83333333333333
126.5
122.66666666666666
124.33333333333334
127.16666666666667
113.83333333333333
122.83333333333334
126.0
125.0
126.16666666666667
129.33333333333331
125.5
122.33333333333333
125.66666666666667
129.5
127.66666666666667
116.66666666666667
123.66666666666666
122.83333333333334
119.0
129.5
130.66666666666666
125.5
126.0
124.83333333333334
125.16666666666667
124.0
126.0
130.5
126.83333333333333
122.16666666666667
127.5
131.0
124.33333333333334
127.83333333333333
125.33333333333333
128.0
121.0
120.5
124.16666666666666
130.5
123.33333333333334
120.0
116.66666666666667
125.83333333333333
122.83333333333334
124.0
130.83333333333331
126.16666666666667
128.16666666666669
122.66666666666666
132.5
118.5
130.0
119.83333333333333
