82.28571428571428
82.57142857142858
79.42857142857143
76.85714285714286
75.14285714285712
73.57142857142857
82.0
74.14285714285714
77.0
78.14285714285714
79.0
76.57142857142857
76.28571428571429
75.28571428571429
76.57142857142857
71.28571428571429
76.42857142857143
75.42857142857143
73.85714285714286
73.57142857142857
80.28571428571428
84.71428571428571
72.14285714285714
74.28571428571429
76.14285714285712
72.57142857142857
73.42857142857142
78.28571428571429
72.28571428571429
82.0
74.71428571428572
75.0
78.28571428571429
76.14285714285712
71.85714285714286
76.85714285714286
77.57142857142857
77.57142857142857
77.0
78.28571428571429
73.42857142857142
75.28571428571429
75.0
77.85714285714286
76.71428571428572
76.42857142857143
75.0
81.42857142857143
70.42857142857142
77.71428571428571
78.0
82.14285714285714
76.85714285714286
76.85714285714286
80.28571428571428
74.85714285714286
79.85714285714288
79.14285714285714
80.42857142857143
84.71428571428571
71.57142857142858
73.85714285714286
76.14285714285712
72.85714285714286
74.57142857142857
76.28571428571429
75.42857142857143
77.0
76.0
72.28571428571429
76.28571428571429
71.71428571428571
76.0
81.85714285714286
70.0
80.71428571428571
72.71428571428572
76.14285714285712
75.85714285714286
75.28571428571429
74.42857142857142
74.28571428571429
80.0
75.0
75.42857142857143
80.42857142857143
73.28571428571429
70.71428571428571
76.0
69.85714285714286
78.57142857142857
75.28571428571429
70.85714285714286
74.57142857142857
78.42857142857143
73.14285714285714
76.14285714285712
76.85714285714286
74.28571428571429
78.0
