174.4
184.0
177.8
180.4
196.0
184.8
178.6
186.4
167.8
176.0
177.8
173.2
173.8
190.4
181.0
181.2
178.8
186.6
190.4
184.2
179.2
189.0
171.8
184.4
185.8
186.8
183.6
181.8
186.0
180.4
175.8
181.4
183.4
176.8
172.6
183.6
188.0
186.0
174.2
184.4
181.4
179.0
172.0
177.8
183.4
191.8
180.8
182.4
186.4
178.8
188.2
180.2
186.4
183.0
169.8
184.2
176.8
183.8
184.2
179.2
177.6
187.0
176.4
181.4
177.4
179.0
186.8
183.8
182.6
167.4
180.6
180.2
186.0
180.4
174.2
175.8
180.6
176.4
180.2
188.2
176.2
180.6
178.6
178.2
184.6
178.2
183.6
177.8
184.0
183.8
186.0
168.4
181.4
178.8
181.2
174.0
174.0
176.8
193.6
182.4
