433.0
429.33333333333337
429.66666666666663
452.3333333333333
448.3333333333333
439.66666666666663
433.0
435.66666666666663
446.0
424.3333333333333
424.0
433.0
454.6666666666667
407.6666666666667
425.3333333333333
448.6666666666667
454.3333333333333
438.0
433.66666666666663
431.0
443.33333333333337
413.6666666666667
442.33333333333337
428.66666666666663
417.6666666666667
429.0
427.66666666666663
438.0
423.0
423.6666666666667
429.0
426.3333333333333
459.0
446.0
418.6666666666667
429.66666666666663
434.0
430.33333333333337
433.66666666666663
415.0
420.6666666666667
433.33333333333337
424.3333333333333
439.66666666666663
430.0
441.0
412.3333333333333
438.66666666666663
423.6666666666667
446.33333333333337
424.3333333333333
447.6666666666667
441.66666666666663
430.66666666666663
426.6666666666667
437.0
458.0
439.0
437.33333333333337
420.0
442.0
427.0
431.0
414.0
442.0
435.0
423.0
420.0
446.66666666666663
438.66666666666663
420.6666666666667
440.33333333333337
438.66666666666663
436.33333333333337
430.66666666666663
436.66666666666663
460.0
421.0
443.33333333333337
427.3333333333333
442.33333333333337
447.33333333333337
449.6666666666667
432.33333333333337
431.66666666666663
435.0
426.6666666666667
435.0
432.0
418.6666666666667
433.0
436.33333333333337
427.66666666666663
420.0
431.66666666666663
426.6666666666667
440.33333333333337
431.33333333333337
418.6666666666667
417.6666666666667
