415.0
401.4
407.4
413.4
409.8
415.2
406.8
414.4
410.2
415.0
407.2
422.2
419.2
407.6
413.8
412.2
409.2
414.0
418.0
404.6
414.8
407.4
418.4
414.4
411.4
401.6
420.2
406.6
410.0
408.4
424.0
419.0
423.4
407.2
412.4
413.0
400.8
413.6
401.0
401.0
401.6
406.4
407.6
421.6
417.0
409.8
418.6
422.0
413.2
417.2
412.2
404.4
416.4
424.0
408.2
417.6
404.8
407.4
411.0
419.4
412.8
408.2
421.2
416.0
406.8
412.4
413.6
401.8
417.6
411.6
415.0
406.2
402.2
408.2
403.4
417.4
399.0
407.0
414.6
403.4
422.8
420.6
410.8
413.2
402.8
406.6
413.4
412.8
408.4
414.8
401.6
409.8
412.2
406.4
405.6
420.4
419.8
412.6
413.4
412.0
