380.0
376.8
374.2
378.2
368.6
372.2
378.6
366.2
378.4
377.2
380.4
381.6
379.6
366.0
383.8
367.6
369.4
370.8
384.0
380.6
380.6
371.0
367.4
376.4
369.4
375.6
374.2
372.8
367.8
384.2
379.2
382.2
361.4
372.8
378.4
369.8
377.4
382.2
376.2
383.0
371.2
368.2
381.6
371.4
384.2
377.8
373.6
380.4
369.6
377.6
380.2
374.8
390.6
378.2
377.6
375.4
372.4
380.8
373.0
388.6
384.6
375.8
381.8
381.8
370.0
367.8
385.2
366.4
377.0
372.4
380.4
380.6
367.8
360.2
365.0
380.4
382.6
361.4
372.2
365.2
369.2
379.8
383.2
369.4
381.0
376.6
368.8
372.2
379.6
376.2
359.6
378.0
382.8
369.6
378.6
377.0
362.0
375.6
381.8
378.8
