267.85714285714283
264.85714285714283
265.7142857142857
264.7142857142857
268.42857142857144
271.42857142857144
276.28571428571433
275.42857142857144
265.57142857142856
264.1428571428571
260.1428571428571
270.42857142857144
264.28571428571433
263.7142857142857
272.42857142857144
264.57142857142856
269.1428571428571
269.42857142857144
273.14285714285717
257.42857142857144
270.28571428571433
265.28571428571433
273.0
269.1428571428571
267.85714285714283
262.1428571428571
269.85714285714283
261.85714285714283
266.1428571428571
280.42857142857144
263.7142857142857
269.1428571428571
266.7142857142857
266.85714285714283
263.42857142857144
273.42857142857144
268.28571428571433
264.28571428571433
278.28571428571433
270.28571428571433
269.42857142857144
267.28571428571433
257.7142857142857
266.42857142857144
265.0
268.7142857142857
261.57142857142856
272.42857142857144
267.0
264.28571428571433
266.42857142857144
270.7142857142857
269.0
258.57142857142856
267.0
270.85714285714283
264.28571428571433
269.85714285714283
257.57142857142856
269.28571428571433
267.85714285714283
263.7142857142857
270.7142857142857
272.42857142857144
273.71428571428567
275.71428571428567
270.42857142857144
269.0
265.1428571428571
269.85714285714283
265.7142857142857
264.57142857142856
266.28571428571433
271.57142857142856
262.1428571428571
267.42857142857144
259.42857142857144
265.57142857142856
262.57142857142856
259.42857142857144
264.42857142857144
265.85714285714283
261.85714285714283
271.28571428571433
271.57142857142856
271.1428571428571
263.0
271.1428571428571
269.1428571428571
267.1428571428571
271.85714285714283
272.42857142857144
259.2857142857143
267.28571428571433
273.71428571428567
267.0
275.42857142857144
273.85714285714283
270.0
265.85714285714283
