475.6
460.6
460.4
468.8
467.6
460.8
481.2
469.2
459.8
469.8
472.2
469.8
467.4
483.8
485.0
472.2
473.2
482.6
473.8
482.4
480.2
466.2
474.6
466.6
493.6
467.0
484.6
472.0
481.4
474.4
478.2
469.6
476.0
468.0
469.0
473.4
487.6
483.2
478.4
468.2
487.2
481.0
475.4
474.8
461.8
457.6
468.6
467.0
470.8
479.4
467.0
477.4
458.2
477.8
478.4
471.8
469.0
465.2
479.0
467.2
473.0
467.4
468.8
482.6
478.0
469.6
482.0
472.6
477.2
466.8
484.6
465.8
463.4
484.8
471.8
475.2
472.4
470.0
475.0
473.0
474.6
474.2
468.6
470.8
467.0
476.6
479.0
472.0
467.4
480.8
462.0
478.6
469.8
465.2
460.0
485.2
468.8
478.6
476.2
484.2
