1190.0
1165.0
1202.5
1211.5
1210.0
1175.5
1181.5
1175.0
1199.5
1173.5
1155.0
1198.5
1205.5
1185.5
1184.5
1180.5
1164.0
1185.0
1173.5
1196.0
1186.5
1175.5
1177.5
1226.5
1177.0
1212.0
1181.5
1172.0
1177.5
1198.0
1190.0
1215.5
1205.0
1180.5
1186.0
1218.0
1220.5
1171.5
1191.5
1138.5
1204.5
1201.5
1187.0
1188.0
1164.5
1185.5
1174.5
1171.0
1153.5
1181.0
1157.5
1234.5
1182.0
1185.0
1185.0
1197.0
1179.0
1164.0
1201.0
1202.5
1180.0
1184.0
1210.5
1221.5
1190.0
1209.0
1184.0
1186.5
1178.0
1159.0
1183.0
1188.5
1184.5
1176.0
1188.0
1202.0
1169.5
1174.5
1177.0
1199.5
1162.5
1165.5
1170.5
1172.0
1191.0
1160.0
1199.0
1194.5
1193.0
1153.5
1202.0
1154.5
1177.5
1189.0
1182.5
1174.5
1206.0
1167.5
1195.0
1136.0
