1026.5
1051.0
1012.5
1026.9999999999998
1010.0
1024.0
1033.5000000000002
1031.5000000000002
1022.9999999999999
1046.0
1044.5
1023.5000000000001
1050.5
1049.5
1014.9999999999999
1055.5
1028.9999999999998
1040.0
1051.0
1030.5
1024.9999999999998
1012.5
1019.5000000000001
1028.5
1032.5
1022.9999999999999
1053.5
1019.5000000000001
1044.0
1043.5000000000002
1034.5
1023.5000000000001
1014.5
1014.9999999999999
1024.0
1042.9999999999998
1029.5000000000002
1044.0
1024.9999999999998
1054.0
1026.9999999999998
1032.9999999999998
1046.9999999999998
996.5
1023.5000000000001
1046.5
1036.9999999999998
1055.0
1045.5000000000002
1042.5
1044.0
1028.0
1039.5000000000002
1012.9999999999999
1042.5
1031.5000000000002
1020.0
1024.0
1022.0
1016.9999999999999
1044.0
1008.5
1022.0
1028.5
1013.5000000000001
1006.9999999999999
1025.5000000000002
1049.0
1014.0
1024.9999999999998
1028.0
1037.5000000000002
1030.5
1017.5000000000001
1024.0
1042.9999999999998
1042.5
1081.5
1016.5
1039.5000000000002
1016.9999999999999
1040.0
999.0
1024.5
1055.0
1052.5
1030.5
1015.5000000000001
1038.0
1025.5000000000002
1011.5000000000001
1028.5
1017.5000000000001
1024.5
1036.0
1053.0
1006.5
1010.9999999999999
1034.0
1030.0
