549.25
560.25
551.75
547.25
565.5
538.75
565.5
558.5
542.5
558.25
558.5
547.0
554.0
547.0
567.75
544.5
543.5
554.5
538.75
564.25
548.25
563.25
541.5
542.25
540.75
554.25
552.25
561.25
548.0
559.75
551.0
549.5
571.0
547.75
570.5
536.0
541.5
536.0
561.75
561.75
545.0
542.75
549.5
569.25
560.5
563.5
562.5
551.0
552.25
559.75
563.25
547.0
540.0
563.0
572.75
549.25
562.25
545.0
550.5
547.0
554.75
552.75
549.75
554.75
559.25
556.0
546.0
544.75
553.75
563.5
562.75
554.75
553.25
562.0
544.5
558.25
562.75
545.0
563.25
556.5
569.25
561.0
556.25
550.25
546.5
543.5
560.0
562.75
564.25
552.75
553.75
561.0
565.0
558.25
550.0
562.75
552.75
549.5
544.5
549.5
