669.0
708.0
705.6666666666666
697.3333333333334
697.0
711.6666666666666
686.3333333333334
693.0
692.3333333333334
689.3333333333334
688.6666666666666
688.6666666666666
702.0
684.3333333333334
678.3333333333334
683.6666666666666
690.3333333333334
692.0
692.6666666666666
674.3333333333334
701.6666666666666
673.0
682.0
688.0
697.0
688.3333333333334
661.6666666666666
697.3333333333334
679.0
682.0
671.0
696.0
671.6666666666666
697.3333333333334
678.6666666666666
677.3333333333334
687.6666666666666
701.6666666666666
685.6666666666666
683.0
677.3333333333334
680.6666666666666
679.3333333333334
693.0
681.6666666666666
691.0
686.0
684.0
702.3333333333334
684.6666666666666
689.6666666666666
698.6666666666666
695.6666666666666
695.3333333333334
674.0
687.3333333333334
684.6666666666666
705.3333333333334
674.6666666666666
664.0
685.6666666666666
690.0
680.0
693.6666666666666
676.0
689.3333333333334
683.3333333333334
669.3333333333334
686.3333333333334
694.6666666666666
708.3333333333334
675.3333333333334
700.0
695.6666666666666
676.6666666666666
679.0
682.3333333333334
683.0
688.3333333333334
685.3333333333334
665.3333333333334
685.3333333333334
705.6666666666666
675.0
678.6666666666666
683.0
682.3333333333334
684.6666666666666
688.6666666666666
698.0
696.0
687.6666666666666
676.0
674.6666666666666
682.0
701.0
702.6666666666666
688.3333333333334
688.0
675.3333333333334
