307.66666666666663
304.5
315.66666666666663
311.5
325.6666666666667
318.16666666666663
314.33333333333337
310.33333333333337
310.0
317.0
320.83333333333337
319.5
314.83333333333337
315.83333333333337
311.5
306.83333333333337
317.66666666666663
309.66666666666663
316.33333333333337
325.1666666666667
310.5
312.5
319.66666666666663
306.33333333333337
324.6666666666667
308.66666666666663
311.33333333333337
311.83333333333337
308.0
322.0
301.1666666666667
305.33333333333337
308.5
311.16666666666663
317.0
312.16666666666663
311.33333333333337
317.33333333333337
315.83333333333337
306.0
312.16666666666663
311.33333333333337
316.0
315.0
318.0
301.6666666666667
307.0
314.66666666666663
309.33333333333337
311.0
317.33333333333337
309.33333333333337
308.33333333333337
314.33333333333337
318.33333333333337
319.66666666666663
318.83333333333337
312.33333333333337
314.33333333333337
313.0
316.66666666666663
314.16666666666663
307.5
306.33333333333337
308.0
313.5
315.66666666666663
308.33333333333337
316.83333333333337
310.66666666666663
311.0
320.33333333333337
300.1666666666667
320.0
321.66666666666663
302.66666666666663
303.66666666666663
303.33333333333337
297.3333333333333
314.16666666666663
316.83333333333337
311.33333333333337
310.0
309.83333333333337
307.33333333333337
314.0
309.16666666666663
305.16666666666663
315.66666666666663
309.5
320.66666666666663
318.33333333333337
316.33333333333337
321.0
313.16666666666663
308.83333333333337
311.0
317.66666666666663
311.16666666666663
300.1666666666667
