1100.0
1134.0
1079.0
1088.0
1111.0
1098.5
1103.5
1092.0
1132.5
1077.5
1128.5
1099.0
1110.5
1126.5
1119.0
1124.5
1125.0
1111.0
1138.5
1109.5
1104.0
1108.5
1091.5
1120.0
1099.0
1131.5
1137.0
1102.5
1119.5
1080.5
1100.0
1137.5
1096.0
1141.0
1091.0
1125.0
1107.5
1099.5
1086.5
1150.5
1129.0
1125.5
1098.5
1091.5
1117.0
1107.5
1110.0
1101.0
1117.0
1117.5
1101.0
1127.5
1086.5
1101.5
1094.0
1096.5
1141.0
1133.5
1082.0
1119.5
1105.0
1150.0
1106.0
1085.0
1087.0
1106.0
1097.0
1119.0
1104.5
1119.5
1111.0
1117.0
1104.5
1120.5
1128.5
1098.5
1086.0
1122.5
1107.5
1095.0
1095.5
1096.5
1095.0
1122.5
1097.0
1109.5
1061.0
1109.5
1133.5
1090.5
1100.0
1117.5
1116.5
1136.0
1127.0
1092.5
1108.0
1123.0
1111.5
1100.0
