340.85714285714283
339.14285714285717
332.57142857142856
340.57142857142856
346.14285714285717
337.14285714285717
342.14285714285717
333.28571428571433
345.42857142857144
333.57142857142856
350.42857142857144
333.85714285714283
350.71428571428567
340.28571428571433
329.57142857142856
331.0
330.85714285714283
332.42857142857144
336.28571428571433
334.0
329.57142857142856
333.1428571428571
334.28571428571433
340.28571428571433
336.0
336.85714285714283
330.42857142857144
339.28571428571433
344.42857142857144
336.14285714285717
337.57142857142856
332.7142857142857
345.0
330.1428571428571
332.28571428571433
337.0
333.57142857142856
334.85714285714283
346.57142857142856
342.71428571428567
345.85714285714283
326.1428571428571
353.8571428571429
333.7142857142857
335.28571428571433
335.28571428571433
340.28571428571433
333.85714285714283
344.28571428571433
332.57142857142856
337.85714285714283
337.42857142857144
338.71428571428567
339.28571428571433
335.14285714285717
330.1428571428571
341.57142857142856
341.28571428571433
335.42857142857144
337.57142857142856
345.71428571428567
343.57142857142856
338.57142857142856
340.0
334.42857142857144
342.71428571428567
341.0
327.28571428571433
336.42857142857144
329.85714285714283
324.7142857142857
334.0
333.28571428571433
330.7142857142857
328.1428571428571
337.0
332.42857142857144
333.57142857142856
335.57142857142856
344.71428571428567
339.85714285714283
328.7142857142857
331.85714285714283
343.0
340.28571428571433
342.0
334.42857142857144
333.85714285714283
340.71428571428567
340.85714285714283
329.57142857142856
339.42857142857144
337.28571428571433
339.0
328.1428571428571
331.42857142857144
343.28571428571433
342.0
333.0
333.0
