797.0
805.6666666666666
804.3333333333334
781.3333333333334
789.6666666666666
774.6666666666666
793.6666666666666
809.6666666666666
771.3333333333334
779.3333333333334
788.0
801.3333333333334
767.6666666666667
816.3333333333334
790.0
785.0
781.0
807.6666666666666
782.0
788.0
776.0
794.6666666666666
784.0
785.0
804.6666666666666
795.3333333333334
782.3333333333334
777.3333333333334
788.3333333333334
788.0
788.6666666666666
772.6666666666666
802.3333333333334
772.3333333333334
778.6666666666666
779.6666666666666
780.0
784.6666666666666
785.3333333333334
781.0
802.3333333333334
782.0
774.0
805.3333333333334
768.6666666666667
805.0
794.0
771.3333333333334
781.3333333333334
794.3333333333334
791.0
771.6666666666666
784.3333333333334
796.6666666666666
783.6666666666666
801.3333333333334
804.3333333333334
785.6666666666666
794.3333333333334
777.6666666666666
805.3333333333334
786.6666666666666
789.0
793.0
782.6666666666666
791.6666666666666
790.0
821.3333333333334
792.0
784.6666666666666
790.6666666666666
798.0
776.6666666666666
784.6666666666666
780.0
796.0
769.0
790.3333333333334
805.6666666666666
786.3333333333334
781.6666666666666
777.6666666666666
776.3333333333334
803.6666666666666
793.3333333333334
780.3333333333334
767.6666666666667
778.6666666666666
802.0
809.0
792.6666666666666
788.0
807.6666666666666
759.0
807.0
795.0
812.3333333333334
798.6666666666666
789.3333333333334
792.0
