313.0
314.0
316.2857142857143
320.57142857142856
313.57142857142856
324.85714285714283
315.57142857142856
323.2857142857143
321.0
319.7142857142857
322.57142857142856
318.85714285714283
316.85714285714283
329.85714285714283
317.57142857142856
316.14285714285717
315.14285714285717
321.0
317.7142857142857
312.57142857142856
315.14285714285717
319.57142857142856
319.4285714285715
320.2857142857143
319.1428571428571
320.0
314.85714285714283
322.85714285714283
322.57142857142856
312.7142857142857
332.28571428571433
324.57142857142856
316.85714285714283
316.2857142857143
314.14285714285717
314.57142857142856
316.42857142857144
314.0
317.7142857142857
316.0
312.0
317.0
316.7142857142857
311.85714285714283
317.2857142857143
318.4285714285715
318.57142857142856
320.4285714285715
317.7142857142857
312.7142857142857
316.0
317.1428571428571
308.2857142857143
322.1428571428571
319.2857142857143
317.2857142857143
312.0
321.7142857142857
304.42857142857144
309.85714285714283
319.1428571428571
312.42857142857144
320.85714285714283
318.2857142857143
327.85714285714283
319.7142857142857
323.1428571428571
316.85714285714283
317.0
313.7142857142857
310.85714285714283
324.1428571428571
314.7142857142857
321.0
318.85714285714283
322.85714285714283
314.0
312.85714285714283
314.2857142857143
323.7142857142857
315.42857142857144
309.0
316.85714285714283
324.7142857142857
311.14285714285717
317.57142857142856
321.0
321.7142857142857
319.4285714285715
313.85714285714283
307.57142857142856
314.7142857142857
325.57142857142856
322.85714285714283
321.1428571428571
319.85714285714283
322.4285714285715
315.7142857142857
330.28571428571433
311.7142857142857
