296.2857142857143
295.14285714285717
297.2857142857143
289.28571428571433
299.42857142857144
291.2857142857143
286.71428571428567
293.14285714285717
288.85714285714283
290.57142857142856
301.7142857142857
291.42857142857144
283.14285714285717
292.0
283.57142857142856
290.2857142857143
295.71428571428567
293.8571428571429
294.0
289.14285714285717
288.28571428571433
287.28571428571433
285.28571428571433
302.42857142857144
293.0
286.28571428571433
289.85714285714283
296.42857142857144
290.8571428571429
293.42857142857144
292.57142857142856
297.57142857142856
290.42857142857144
291.14285714285717
294.14285714285717
296.71428571428567
306.14285714285717
284.57142857142856
291.2857142857143
291.57142857142856
291.14285714285717
293.14285714285717
294.42857142857144
285.85714285714283
298.0
296.71428571428567
293.42857142857144
291.8571428571429
288.71428571428567
291.71428571428567
291.0
294.8571428571429
299.2857142857143
298.57142857142856
298.42857142857144
281.28571428571433
290.0
291.57142857142856
299.2857142857143
296.0
294.57142857142856
306.42857142857144
296.14285714285717
301.42857142857144
302.14285714285717
291.57142857142856
291.14285714285717
293.8571428571429
300.14285714285717
291.0
300.0
285.14285714285717
294.42857142857144
289.42857142857144
301.8571428571429
305.7142857142857
289.0
298.42857142857144
291.2857142857143
290.71428571428567
297.71428571428567
296.0
290.8571428571429
294.42857142857144
287.0
291.2857142857143
296.2857142857143
298.57142857142856
295.57142857142856
280.71428571428567
297.0
292.2857142857143
287.42857142857144
293.2857142857143
297.42857142857144
297.57142857142856
296.71428571428567
298.42857142857144
292.57142857142856
293.42857142857144
