465.5
467.0
460.0
475.25
478.0
461.5
464.75
457.5
467.75
481.25
452.75
473.0
455.25
480.25
467.75
465.75
464.5
456.0
466.25
471.5
471.5
473.75
470.5
468.5
465.25
471.5
455.5
445.75
468.5
479.75
476.25
469.75
473.0
469.25
465.0
476.0
478.0
474.25
469.25
475.75
471.75
474.25
460.75
460.75
457.5
475.5
469.25
465.25
456.25
474.5
481.5
467.25
476.75
489.25
462.5
473.0
464.75
466.5
466.5
462.5
469.75
470.75
465.25
471.5
463.25
473.5
474.25
462.5
463.0
472.5
470.0
467.75
477.5
459.25
472.0
472.25
469.75
466.0
474.25
477.0
455.75
468.5
445.0
472.25
486.0
473.75
457.0
473.25
475.75
473.0
455.5
462.0
457.0
475.0
476.75
467.5
454.25
474.25
469.0
443.25
