610.6666666666667
636.6666666666667
621.0
624.6666666666667
600.0
619.0
619.3333333333333
633.3333333333333
614.0
620.3333333333333
621.0
617.6666666666667
631.6666666666667
638.6666666666667
643.3333333333333
613.0
612.3333333333333
633.3333333333333
610.3333333333333
606.3333333333333
647.6666666666666
614.3333333333333
610.3333333333333
615.0
619.6666666666667
622.6666666666667
616.3333333333333
634.3333333333333
632.6666666666667
633.3333333333333
608.3333333333333
632.3333333333333
623.6666666666667
628.6666666666667
633.3333333333333
630.3333333333333
618.6666666666667
610.0
622.6666666666667
626.6666666666667
616.6666666666667
610.6666666666667
608.0
621.3333333333333
621.6666666666667
613.3333333333333
617.0
624.6666666666667
630.3333333333333
619.6666666666667
621.6666666666667
624.0
627.0
627.3333333333333
625.6666666666667
631.3333333333333
631.3333333333333
636.0
622.3333333333333
631.3333333333333
614.6666666666667
614.3333333333333
644.0
620.6666666666667
609.0
620.3333333333333
625.0
637.6666666666667
618.6666666666667
608.6666666666667
621.6666666666667
631.0
633.0
620.0
630.0
608.6666666666667
633.0
655.0
626.6666666666667
624.6666666666667
635.3333333333333
641.6666666666667
622.3333333333333
610.6666666666667
629.6666666666667
625.0
615.0
631.0
624.0
639.0
630.0
626.6666666666667
619.3333333333333
637.0
631.3333333333333
638.0
605.0
617.6666666666667
620.0
634.3333333333333
