346.6666666666667
350.6666666666667
344.1666666666667
338.8333333333333
343.8333333333333
344.0
340.5
340.1666666666667
336.3333333333333
344.5
330.8333333333333
344.5
356.8333333333333
328.3333333333333
345.8333333333333
341.8333333333333
341.5
353.8333333333333
336.1666666666667
347.1666666666667
340.5
336.5
343.1666666666667
334.6666666666667
339.1666666666667
335.1666666666667
335.0
341.3333333333333
340.1666666666667
351.3333333333333
341.8333333333333
347.0
341.0
337.6666666666667
352.5
341.8333333333333
341.1666666666667
335.6666666666667
345.5
341.1666666666667
340.3333333333333
340.3333333333333
346.1666666666667
350.1666666666667
343.0
350.0
347.1666666666667
350.8333333333333
354.6666666666667
346.1666666666667
347.6666666666667
347.5
349.1666666666667
342.0
339.0
342.0
346.6666666666667
340.1666666666667
343.1666666666667
347.3333333333333
343.5
345.3333333333333
352.8333333333333
346.6666666666667
338.3333333333333
336.6666666666667
342.5
347.3333333333333
341.6666666666667
343.1666666666667
351.3333333333333
350.1666666666667
336.0
350.6666666666667
349.3333333333333
349.8333333333333
341.8333333333333
343.8333333333333
336.8333333333333
348.1666666666667
330.8333333333333
336.1666666666667
343.8333333333333
343.0
343.3333333333333
348.6666666666667
338.5
345.8333333333333
349.0
334.0
337.1666666666667
338.1666666666667
337.6666666666667
325.3333333333333
339.6666666666667
344.0
346.6666666666667
347.0
338.8333333333333
347.6666666666667
