384.5
387.8333333333333
398.8333333333333
402.1666666666667
398.6666666666667
396.0
385.0
385.0
396.0
398.5
402.3333333333333
398.3333333333333
391.8333333333333
398.3333333333333
401.6666666666667
395.5
392.5
389.8333333333333
404.1666666666667
391.1666666666667
391.1666666666667
391.0
393.5
398.6666666666667
397.3333333333333
392.0
400.6666666666667
403.8333333333333
404.6666666666667
392.3333333333333
385.0
394.0
395.5
388.8333333333333
402.5
400.0
398.0
395.5
394.0
392.0
391.6666666666667
390.1666666666667
399.6666666666667
388.6666666666667
388.5
384.33333333333337
402.8333333333333
392.3333333333333
388.8333333333333
396.0
389.6666666666667
390.6666666666667
381.66666666666663
393.3333333333333
395.1666666666667
403.0
395.3333333333333
395.3333333333333
394.3333333333333
388.3333333333333
398.0
391.8333333333333
389.8333333333333
403.6666666666667
391.3333333333333
398.3333333333333
400.0
399.6666666666667
395.0
398.6666666666667
398.0
396.0
400.6666666666667
398.6666666666667
398.1666666666667
388.6666666666667
398.1666666666667
389.6666666666667
396.6666666666667
392.1666666666667
390.1666666666667
398.5
387.3333333333333
389.6666666666667
389.6666666666667
392.0
399.8333333333333
393.0
391.6666666666667
404.1666666666667
390.3333333333333
395.5
390.1666666666667
387.3333333333333
381.5
391.6666666666667
394.0
396.5
388.5
395.0
