508.0
524.75
505.49999999999994
500.0
519.25
522.7500000000001
534.0
507.0
495.75
507.49999999999994
512.4999999999999
501.75000000000006
512.25
504.49999999999994
515.4999999999999
512.7500000000001
515.7500000000001
498.25
494.25
496.25
523.7500000000001
503.25
515.7500000000001
495.0
516.25
509.0
517.7500000000001
506.0
507.75000000000006
516.4999999999999
516.0
502.75000000000006
515.25
505.75000000000006
503.75000000000006
512.4999999999999
518.7500000000001
513.7500000000001
513.7500000000001
517.25
518.25
520.25
511.75000000000006
517.4999999999999
509.0
525.75
518.25
511.49999999999994
500.75
515.4999999999999
526.0
504.49999999999994
515.4999999999999
498.0
501.25
516.4999999999999
500.0
516.7500000000001
499.0
506.0
512.4999999999999
499.75
517.25
506.0
515.25
525.5
515.7500000000001
515.0
520.0
503.75000000000006
520.25
516.25
522.7500000000001
521.0
505.75000000000006
515.7500000000001
508.25
514.0
505.0
502.49999999999994
520.7500000000001
520.0
525.0
503.49999999999994
514.4999999999999
520.4999999999999
534.0
500.75
509.0
515.25
518.25
515.25
523.0
519.25
514.7500000000001
504.49999999999994
516.7500000000001
503.0
518.25
521.25
