733.0
730.6666666666667
739.6666666666667
753.0
754.6666666666667
745.0
744.6666666666667
746.6666666666667
727.6666666666666
745.6666666666667
727.0
747.6666666666667
725.6666666666666
720.3333333333334
730.3333333333333
777.0
742.0
750.6666666666667
739.0
746.6666666666667
739.3333333333333
761.3333333333333
736.6666666666667
728.3333333333334
750.0
739.6666666666667
739.0
757.6666666666667
739.6666666666667
734.6666666666667
747.0
737.3333333333333
752.6666666666667
734.6666666666667
738.3333333333333
739.3333333333333
747.3333333333333
750.6666666666667
735.3333333333333
752.3333333333333
726.0
740.3333333333333
733.3333333333333
748.6666666666667
739.6666666666667
756.3333333333333
752.6666666666667
755.3333333333333
743.0
761.6666666666667
748.3333333333333
735.0
734.6666666666667
747.0
738.0
716.0
735.0
747.0
748.0
732.6666666666667
745.3333333333333
752.6666666666667
741.6666666666667
750.6666666666667
740.3333333333333
722.6666666666666
724.3333333333334
738.0
747.0
750.0
741.0
738.3333333333333
738.0
746.6666666666667
727.6666666666666
716.6666666666666
726.6666666666666
754.6666666666667
736.0
736.6666666666667
718.6666666666666
744.0
746.6666666666667
739.0
755.0
722.6666666666666
715.6666666666666
756.0
743.3333333333333
745.3333333333333
731.3333333333333
747.6666666666667
738.6666666666667
735.3333333333333
741.3333333333333
732.6666666666667
756.6666666666667
767.3333333333333
736.3333333333333
764.0
