934.5
911.5
956.0
934.0
921.5
944.0
952.0
921.5
947.5
918.0
934.5
925.5
957.0
880.5
949.0
923.5
947.0
942.0
932.5
938.5
930.5
939.5
950.5
937.5
933.0
947.5
954.0
928.5
939.5
936.0
917.5
948.0
933.5
955.0
940.5
953.5
933.5
926.5
907.5
949.0
950.0
903.5
946.5
930.0
922.0
943.5
930.5
939.5
895.5
922.0
918.0
938.5
944.5
948.5
931.5
915.5
946.0
945.5
940.0
941.0
919.5
959.0
951.5
963.5
947.0
927.0
949.0
903.0
932.0
917.5
945.0
947.0
942.5
942.0
958.0
921.0
938.0
930.0
955.5
903.5
922.0
921.5
883.0
941.0
935.5
936.5
972.5
938.0
927.5
946.0
952.0
927.0
904.5
923.0
939.5
951.5
943.5
934.5
915.0
944.0
