431.4
446.6
443.0
446.4
445.0
437.8
448.2
444.2
448.0
447.4
439.0
444.8
442.2
436.6
452.0
442.2
436.6
444.4
442.0
434.8
434.2
453.2
436.2
451.2
445.4
435.0
442.8
448.8
440.2
447.6
443.8
443.6
444.6
445.8
438.6
435.8
448.0
447.4
449.4
454.4
457.4
442.4
439.4
459.2
438.6
450.0
442.4
445.8
443.6
433.4
452.8
434.2
448.6
453.4
443.0
443.0
440.6
446.6
448.2
442.0
450.6
432.8
438.0
435.0
450.0
440.0
444.6
441.0
447.6
460.4
439.2
451.8
445.2
434.8
429.0
433.0
449.0
444.8
439.4
449.2
437.0
453.2
443.6
442.2
445.2
447.4
448.2
452.2
436.4
437.4
443.4
450.6
440.4
447.0
435.8
436.8
432.8
448.0
433.6
439.8
