380.83333333333337
372.83333333333337
375.33333333333337
364.5
380.16666666666663
369.0
364.0
366.0
365.16666666666663
360.1666666666667
370.16666666666663
371.33333333333337
377.5
369.66666666666663
362.3333333333333
369.33333333333337
370.0
376.33333333333337
366.0
367.0
362.5
372.83333333333337
368.33333333333337
369.33333333333337
376.16666666666663
370.16666666666663
364.66666666666663
357.1666666666667
374.66666666666663
374.66666666666663
364.3333333333333
382.0
365.0
371.33333333333337
374.0
375.66666666666663
376.5
373.0
373.5
365.16666666666663
373.33333333333337
367.5
371.33333333333337
371.66666666666663
366.0
373.5
370.16666666666663
363.3333333333333
366.83333333333337
370.66666666666663
359.3333333333333
361.3333333333333
362.6666666666667
365.33333333333337
372.33333333333337
377.33333333333337
376.33333333333337
361.6666666666667
364.3333333333333
370.66666666666663
376.33333333333337
354.8333333333333
379.33333333333337
370.66666666666663
369.66666666666663
375.66666666666663
379.0
369.66666666666663
368.66666666666663
376.5
373.33333333333337
370.66666666666663
374.16666666666663
373.66666666666663
370.5
372.5
365.16666666666663
367.83333333333337
365.16666666666663
373.5
370.66666666666663
366.0
359.6666666666667
368.5
358.5
373.66666666666663
377.66666666666663
365.0
378.83333333333337
365.16666666666663
376.16666666666663
375.5
371.66666666666663
374.66666666666663
375.83333333333337
377.33333333333337
367.83333333333337
354.3333333333333
362.8333333333333
363.5
