589.75
580.0
585.75
584.0
584.0
591.25
599.25
601.0
574.75
595.25
604.25
582.5
591.5
590.0
588.25
592.0
610.25
593.0
602.0
598.75
605.25
587.25
575.5
597.5
602.75
588.0
605.25
579.5
585.5
580.0
590.0
589.0
588.25
574.5
606.0
588.0
585.0
588.5
600.5
601.25
603.75
599.0
603.0
589.25
590.0
595.25
591.0
591.0
601.0
593.5
581.25
606.75
607.0
603.25
596.0
588.0
582.0
587.25
588.75
588.0
596.25
597.75
598.5
601.5
583.5
594.75
593.25
582.5
584.25
595.0
578.25
600.5
572.0
594.0
611.75
580.75
577.25
600.75
593.5
588.75
602.25
587.25
591.5
604.75
574.0
584.25
587.0
587.5
574.5
594.75
592.75
587.25
576.0
593.25
576.5
583.0
599.25
589.75
594.25
579.0
