623.25
612.5
612.25
616.25
606.75
609.75
599.25
600.75
606.5
599.25
605.25
622.5
613.5
588.75
614.0
608.0
616.25
608.5
624.75
612.0
624.0
617.75
597.75
616.75
610.5
609.0
611.25
610.5
601.0
620.5
629.75
592.75
611.0
603.5
612.0
606.75
619.5
617.0
611.5
612.5
596.75
588.75
635.5
598.5
619.0
596.0
630.25
619.5
605.25
619.0
627.5
607.25
631.5
613.75
607.75
618.75
608.25
611.75
601.0
621.0
616.0
603.75
614.25
611.5
618.5
602.5
602.25
609.25
610.0
597.75
613.0
611.75
619.5
611.25
603.5
618.25
609.0
606.25
610.75
604.0
628.75
619.25
627.0
603.25
603.75
615.75
597.25
607.5
624.25
602.0
606.75
624.75
592.25
610.0
600.5
605.75
607.25
613.75
623.5
597.25
