149.0625
149.75
144.75
149.875
150.4375
147.25
149.375
148.4375
150.1875
145.1875
148.75
147.0625
148.25
151.375
145.625
151.125
149.625
152.0
146.0625
146.8125
148.0625
149.0625
149.3125
149.3125
145.9375
150.1875
146.25
143.375
145.4375
147.0
148.125
149.3125
145.8125
152.125
149.375
148.625
148.0625
149.0625
150.4375
150.4375
150.6875
146.5625
148.375
149.25
149.5
147.25
146.5625
155.0
149.75
145.375
152.375
152.1875
149.875
150.6875
145.125
144.6875
147.0625
144.125
149.1875
145.5
147.625
151.625
146.875
148.3125
149.0
151.1875
146.9375
148.625
150.1875
150.0625
148.25
150.5625
142.9375
146.1875
149.5625
148.5625
146.25
148.8125
148.75
147.3125
148.6875
146.75
147.9375
148.375
150.4375
149.4375
149.6875
149.8125
149.8125
152.5
152.5
148.625
148.375
146.375
148.6875
148.0
145.75
148.5625
149.625
146.25
