1219.5
1205.0
1226.0
1236.5
1199.0
1172.0
1205.5
1197.0
1243.5
1214.0
1209.5
1225.0
1217.0
1189.5
1182.0
1178.5
1198.5
1203.5
1173.0
1181.5
1209.0
1190.0
1187.0
1181.5
1201.0
1181.0
1217.0
1202.0
1189.5
1203.5
1193.0
1201.0
1215.0
1203.0
1193.5
1201.5
1172.0
1165.5
1174.0
1165.0
1211.0
1222.0
1195.5
1208.5
1169.5
1228.5
1186.5
1199.5
1187.5
1175.5
1204.5
1232.0
1214.5
1199.0
1179.0
1194.5
1198.0
1170.5
1215.0
1190.5
1174.5
1202.0
1202.0
1194.0
1198.0
1198.0
1197.0
1193.5
1197.5
1178.5
1215.5
1199.0
1168.5
1211.0
1184.5
1227.0
1205.5
1185.5
1203.0
1209.5
1184.0
1235.5
1178.5
1178.0
1192.5
1196.0
1203.0
1190.0
1223.0
1195.0
1203.5
1203.5
1202.0
1192.5
1211.5
1227.5
1229.0
1182.5
1211.0
1186.5
