607.0
607.75
612.0
610.25
606.25
620.25
604.0
610.25
609.25
613.5
604.75
620.5
613.25
598.0
606.25
617.0
613.75
613.25
615.0
614.75
617.5
593.25
602.25
622.75
609.25
605.0
601.25
608.0
614.5
612.75
601.25
594.0
608.75
598.0
590.25
607.0
597.0
602.75
599.75
603.25
598.25
609.5
614.25
604.25
618.75
608.75
619.25
592.5
596.75
612.5
602.0
599.25
620.0
602.0
604.0
609.0
599.75
613.5
618.0
601.75
622.25
589.75
594.25
613.0
607.25
611.75
594.75
602.5
598.75
612.0
607.0
602.75
605.75
618.75
600.0
602.25
606.25
598.75
598.5
613.0
595.5
607.0
597.25
600.5
609.5
610.0
611.25
622.25
621.75
619.75
594.5
601.0
591.75
615.0
601.5
612.0
616.0
597.5
613.25
595.0
