149.625
147.5
150.25
153.4375
147.3125
149.4375
150.0625
150.4375
152.75
149.3125
151.4375
150.1875
145.3125
151.375
148.3125
155.125
148.5
153.4375
147.4375
149.6875
149.9375
152.5625
152.375
148.375
149.125
156.6875
151.3125
150.9375
149.6875
148.25
156.625
153.0625
147.8125
150.4375
147.5625
147.5625
148.625
151.6875
150.0
149.375
148.25
147.9375
148.5
150.0625
148.0
151.9375
148.125
147.5625
148.1875
144.5625
149.5
151.0
149.625
151.6875
147.6875
151.0625
156.1875
150.5625
151.0625
148.625
153.125
147.375
152.0
150.6875
153.9375
153.0625
149.5625
150.5
149.0
152.3125
150.25
151.25
150.9375
152.875
149.75
149.6875
149.1875
150.375
150.9375
148.25
150.9375
146.3125
149.375
150.375
151.0625
148.125
150.4375
147.875
149.0
149.4375
148.8125
148.875
145.6875
150.625
152.0625
150.0
148.8125
148.6875
149.6875
149.9375
