150.25
154.0
155.125
150.1875
152.25
149.5
156.875
149.9375
151.625
156.0625
148.5625
155.125
152.4375
154.0625
150.9375
152.5
154.5
152.5
150.1875
149.875
154.1875
152.6875
150.75
153.5
155.8125
150.125
152.6875
154.0625
154.9375
156.125
150.375
151.875
151.0625
153.8125
152.3125
152.9375
157.0
148.5625
147.25
154.1875
156.5
155.0
153.5625
151.3125
155.1875
152.625
153.9375
152.5625
152.75
150.875
157.625
152.0625
153.25
153.375
153.5
155.8125
155.5625
153.9375
149.5
155.3125
157.0
155.9375
151.3125
149.3125
150.9375
152.1875
155.25
152.5
156.9375
154.5625
153.75
156.5
150.5625
150.375
150.125
151.875
155.0625
151.0625
152.4375
155.0
151.9375
152.6875
153.125
152.6875
154.3125
154.625
154.0
154.375
155.5625
149.875
155.4375
153.5
150.9375
155.0625
153.375
152.0
151.3125
153.75
150.625
155.5625
