604.0
600.75
592.0
599.25
608.75
597.75
599.5
575.25
613.0
594.5
594.25
594.5
586.0
595.75
607.0
603.25
599.75
603.25
606.25
606.25
602.5
600.75
602.5
595.75
590.0
611.0
599.25
594.25
593.0
603.75
601.75
598.25
600.75
594.25
598.5
581.75
600.0
588.0
592.5
598.75
606.75
599.25
602.75
600.5
594.75
577.5
591.25
595.75
589.25
573.25
581.25
592.25
570.0
595.25
606.75
592.25
594.0
601.0
583.75
594.75
592.0
579.25
583.0
586.5
611.25
594.75
587.5
588.75
595.25
589.75
600.25
594.5
583.5
581.25
603.25
599.75
581.5
594.25
597.5
613.25
589.0
596.75
596.0
592.0
586.25
587.75
579.5
582.5
600.25
605.25
591.25
603.5
599.5
606.5
593.5
594.5
602.25
590.0
594.0
587.5
