593.5
603.5
596.75
593.5
612.0
590.25
585.5
591.5
586.25
602.5
582.75
587.0
607.25
598.75
590.0
616.0
602.25
587.5
590.0
600.25
587.75
611.75
589.0
592.0
599.75
597.25
603.5
607.0
583.25
613.5
611.0
601.25
594.75
615.25
595.5
603.0
598.5
606.25
590.0
604.25
597.25
600.25
599.75
597.5
600.75
609.5
592.25
592.25
589.75
600.25
603.25
601.5
596.5
595.0
604.75
590.0
596.75
600.0
604.25
597.25
603.5
606.0
605.0
599.5
602.0
583.25
595.25
607.75
603.75
615.0
599.5
602.75
590.25
592.75
604.5
591.75
592.25
598.5
582.75
586.0
592.75
613.75
602.5
604.25
593.0
591.25
595.5
604.0
588.0
590.5
606.5
590.5
599.75
612.5
581.0
589.75
604.0
612.5
594.25
588.75
