302.0
296.375
297.5
298.0
309.5
298.75
301.625
302.875
303.0
307.875
298.0
303.25
302.25
303.625
304.125
294.0
298.5
298.375
309.375
295.75
299.75
293.875
293.5
295.625
296.5
306.875
302.875
303.125
300.125
304.375
305.625
293.75
304.625
300.25
295.5
308.375
300.875
298.125
304.25
297.875
296.25
307.125
306.125
301.875
294.0
300.125
297.625
303.25
303.0
305.25
299.625
299.875
301.0
305.125
300.5
300.25
294.75
298.75
303.125
301.5
296.125
284.75
297.375
301.375
296.375
302.875
295.625
298.0
302.375
301.875
304.25
299.5
305.25
298.0
302.0
296.25
298.5
298.375
305.25
303.0
300.875
304.0
300.75
297.0
294.375
301.375
298.875
302.75
292.125
292.75
294.25
305.125
300.5
301.875
293.375
308.875
308.375
301.375
296.75
300.0
