1224.0
1242.5
1232.0
1240.5
1214.5
1247.0
1214.5
1216.0
1233.0
1245.0
1202.5
1239.0
1241.0
1215.0
1239.0
1228.0
1223.0
1275.5
1222.5
1248.0
1193.5
1231.5
1215.0
1232.5
1171.5
1221.5
1245.0
1187.5
1213.0
1231.5
1185.5
1225.5
1217.0
1217.5
1181.5
1212.0
1230.5
1229.5
1223.5
1218.5
1244.0
1227.5
1208.0
1237.5
1218.0
1231.0
1222.0
1241.5
1254.5
1211.0
1202.0
1206.0
1203.0
1240.5
1243.5
1220.0
1246.5
1230.5
1195.5
1214.0
1233.0
1202.5
1228.0
1236.0
1201.5
1226.5
1228.5
1235.0
1202.5
1232.5
1231.5
1253.0
1248.5
1248.5
1216.0
1206.0
1208.0
1209.5
1202.0
1235.0
1221.5
1199.0
1252.0
1231.5
1201.5
1182.5
1225.5
1197.0
1223.0
1229.0
1213.5
1198.0
1205.5
1213.5
1246.5
1230.0
1213.5
1238.0
1179.0
1215.5
