303.875
302.25
304.75
299.125
298.875
301.75
303.375
302.875
305.0
300.25
303.125
301.625
306.25
295.5
298.125
303.75
307.0
305.25
311.125
303.125
300.125
297.5
296.375
303.5
303.625
307.625
300.0
304.375
297.375
304.125
292.5
302.0
296.875
292.875
303.625
302.5
301.875
302.375
300.25
301.75
299.75
302.125
298.75
300.0
297.5
299.5
301.75
304.125
301.375
307.25
303.375
301.75
300.625
302.5
291.875
299.5
305.25
292.125
299.75
296.125
298.75
300.0
292.625
297.875
299.125
300.0
295.125
303.25
305.25
299.0
297.25
302.375
308.5
300.625
305.0
291.0
301.25
301.375
300.625
297.875
295.75
301.25
298.625
303.25
298.5
301.125
301.5
297.375
305.0
288.625
301.875
299.125
296.75
299.125
298.625
310.0
302.625
304.625
303.625
304.875
