150.75
149.25
153.375
151.25
155.375
149.625
149.0
153.375
150.25
152.75
151.8125
152.0625
152.5625
151.5625
155.8125
150.4375
151.75
154.5
151.0
152.1875
152.0
147.875
151.1875
150.6875
149.25
153.1875
152.5
148.1875
149.75
149.3125
152.875
151.3125
151.5625
153.4375
149.125
148.25
152.5625
151.0625
150.875
153.6875
152.5
148.3125
149.9375
151.0625
151.3125
153.8125
153.375
150.75
150.25
149.125
154.75
152.1875
151.5625
146.0
149.6875
153.25
149.875
152.375
149.8125
151.8125
154.0
150.125
152.375
152.875
150.125
151.0625
153.5
151.4375
148.5
152.375
150.75
149.9375
150.3125
152.4375
145.25
148.5625
150.0
150.625
148.5
150.875
151.4375
149.8125
149.8125
150.125
152.25
149.1875
151.0625
149.3125
153.125
150.3125
151.375
146.5625
153.0625
150.875
150.1875
153.25
149.5
154.6875
147.0
148.6875
