1190.0
1197.5
1246.5
1240.0
1218.5
1215.5
1230.0
1212.5
1207.5
1220.0
1219.0
1199.5
1231.5
1232.0
1206.0
1224.0
1259.0
1228.0
1215.0
1232.5
1230.0
1208.5
1224.0
1212.5
1226.0
1196.5
1209.5
1207.0
1180.0
1200.5
1224.0
1200.0
1207.5
1234.5
1195.0
1209.0
1184.0
1215.5
1201.5
1200.5
1203.0
1227.5
1225.5
1206.0
1181.0
1226.0
1210.0
1216.0
1173.5
1219.5
1206.5
1218.5
1213.5
1190.0
1158.5
1207.5
1223.5
1242.0
1187.5
1226.5
1210.5
1209.0
1258.5
1202.5
1234.5
1196.0
1197.0
1207.5
1219.5
1176.0
1206.0
1197.0
1224.5
1242.0
1219.0
1222.5
1179.0
1220.0
1207.5
1194.0
1222.0
1245.5
1190.0
1197.5
1199.0
1215.0
1255.5
1205.0
1224.5
1206.0
1210.0
1220.5
1220.0
1239.5
1253.5
1225.5
1228.5
1224.0
1240.0
1229.5
