301.5
310.125
305.0
308.625
312.0
309.625
302.625
304.875
295.75
305.0
295.75
306.25
300.25
309.125
304.625
305.25
306.625
307.625
305.5
304.25
300.375
304.875
310.25
302.25
301.375
296.125
304.0
305.5
298.375
303.75
300.875
304.25
302.125
302.25
306.0
308.5
297.875
303.25
298.25
309.5
299.25
303.125
304.25
304.5
303.125
303.25
303.5
307.25
304.5
297.0
301.875
304.375
304.75
296.0
301.75
310.375
305.625
307.0
308.0
306.25
307.5
298.125
308.875
307.625
305.5
308.25
309.375
302.0
300.875
300.375
309.5
309.125
301.625
305.125
309.0
301.875
307.0
301.0
303.75
302.875
305.375
301.25
308.625
300.0
298.125
303.25
309.5
300.75
313.25
298.625
301.25
304.875
304.75
305.5
306.625
299.5
307.125
300.625
301.0
302.75
