149.625
154.9375
152.3125
158.125
147.9375
152.25
154.125
149.0625
157.0625
154.75
151.375
153.0625
150.8125
149.625
153.0
150.0
151.75
151.875
153.8125
153.375
155.875
152.8125
157.25
152.375
154.8125
153.0
156.4375
152.6875
149.625
156.6875
152.0625
150.3125
150.8125
155.25
153.1875
152.6875
151.625
152.0625
153.0
152.9375
150.875
151.375
152.625
153.9375
151.1875
152.5
150.0
154.125
154.75
152.5
154.6875
155.5625
152.25
153.1875
152.75
152.3125
156.5
152.0625
153.0625
152.0625
151.0
151.75
155.125
153.375
155.0625
153.25
150.9375
151.0625
150.0625
153.3125
150.4375
150.6875
152.25
151.5
153.0625
154.0
152.875
150.9375
154.625
149.75
146.9375
150.0625
150.8125
153.9375
150.5
153.4375
153.4375
152.3125
153.6875
151.875
153.0
149.6875
154.625
151.375
152.8125
149.5625
149.8125
149.8125
153.125
150.1875
