301.625
306.625
303.0
310.5
309.0
298.75
309.25
294.0
302.625
299.875
309.75
298.125
307.875
305.375
302.0
310.0
311.0
305.875
314.125
300.125
302.375
305.625
299.5
302.625
311.5
302.75
308.0
302.0
295.0
301.125
308.25
307.875
309.125
309.5
300.875
304.25
302.125
306.375
299.375
300.25
304.125
308.375
306.0
308.5
298.875
307.75
308.375
292.0
306.0
305.125
306.75
302.375
305.0
306.375
298.375
300.0
305.875
310.125
303.375
305.75
307.25
299.125
310.875
316.875
302.625
305.875
306.25
309.375
306.875
310.125
312.625
305.875
299.75
311.125
302.25
305.375
306.0
306.625
308.25
310.0
304.375
309.125
312.0
304.125
305.375
303.375
303.5
302.875
306.375
308.25
312.875
308.125
308.0
306.5
311.125
301.875
299.25
306.125
309.625
308.375
