307.625
300.875
306.375
304.25
298.5
301.75
306.375
297.125
301.375
305.875
312.375
293.0
300.5
309.625
301.25
302.25
303.25
303.5
308.0
306.5
304.5
295.375
302.375
305.75
306.0
304.25
302.0
303.375
304.125
310.125
296.0
303.625
295.875
298.0
309.125
298.125
299.125
305.25
298.75
308.0
312.0
302.75
309.125
307.0
300.75
303.875
302.375
304.5
298.875
306.625
298.375
297.875
302.5
298.0
303.5
301.0
309.125
304.625
303.625
303.75
304.25
297.875
304.25
302.75
304.625
302.125
303.25
306.875
300.5
307.0
294.0
309.0
299.875
298.5
301.75
310.625
305.125
302.5
305.5
301.0
308.125
302.0
300.375
308.125
300.75
299.625
299.5
306.0
298.75
295.75
304.875
305.5
310.25
291.875
307.25
301.375
303.375
303.25
295.75
308.625
