306.375
292.875
294.375
293.5
301.75
294.625
298.25
301.5
303.75
299.125
303.125
294.25
292.375
289.375
296.5
297.625
299.75
306.625
295.75
301.625
299.875
293.75
288.625
297.875
297.5
297.5
294.625
294.0
289.5
300.625
300.25
299.75
295.0
301.75
291.125
298.875
297.125
297.875
301.75
305.75
294.625
294.75
303.875
300.0
288.75
301.375
291.125
298.25
296.125
294.75
295.5
290.0
297.0
299.25
301.125
302.0
300.0
299.75
298.875
295.0
300.0
302.0
302.25
299.125
291.375
301.625
299.75
294.125
299.25
306.0
299.25
296.75
297.75
294.875
295.5
294.25
311.625
305.75
293.75
294.0
298.375
294.125
299.75
300.375
301.75
302.25
300.625
299.875
290.0
298.0
297.125
290.875
294.625
295.375
295.25
302.5
299.625
302.25
301.0
295.625
