1192.0
1199.5
1187.5
1190.5
1219.0
1189.0
1232.0
1211.5
1190.0
1194.0
1194.0
1210.0
1185.5
1189.0
1196.5
1169.5
1163.5
1191.0
1180.5
1190.5
1183.0
1186.0
1224.5
1189.0
1163.0
1189.5
1217.5
1177.5
1191.0
1181.0
1188.5
1174.0
1171.5
1177.0
1200.0
1212.5
1160.0
1192.0
1215.5
1184.0
1180.0
1183.5
1203.0
1207.0
1208.5
1167.5
1213.5
1195.5
1195.0
1216.5
1198.5
1208.5
1164.0
1178.5
1189.5
1177.0
1202.5
1223.0
1172.5
1207.0
1202.0
1177.5
1169.5
1195.0
1185.0
1165.0
1200.0
1178.5
1200.0
1195.0
1208.5
1163.0
1168.5
1186.5
1168.5
1207.5
1176.0
1187.0
1172.5
1207.5
1177.0
1175.0
1196.0
1195.0
1182.5
1189.0
1184.5
1175.5
1180.5
1191.0
1176.0
1196.0
1183.5
1180.0
1188.5
1200.0
1185.5
1196.5
1237.5
1134.5
