148.0
149.4375
150.625
148.125
146.9375
150.3125
146.1875
150.875
149.0625
149.4375
147.9375
146.75
148.8125
150.8125
149.0
150.8125
152.625
150.0625
148.3125
148.5625
147.6875
149.0
150.4375
149.5625
150.8125
148.25
150.0625
152.0
151.5
147.625
148.25
147.0
149.0
150.4375
151.8125
151.3125
149.625
150.0625
152.0
150.0625
146.25
149.0625
149.875
151.6875
151.125
150.875
146.8125
149.375
147.875
149.5
150.1875
146.9375
152.875
150.4375
151.25
148.3125
149.1875
146.875
148.625
146.4375
150.625
150.375
150.625
148.0625
149.75
146.875
147.4375
150.0625
151.25
149.25
151.5625
152.5
149.5
149.5
149.0
149.3125
148.6875
150.875
151.6875
149.9375
146.875
148.625
151.6875
157.0625
149.0
150.0625
147.25
147.625
147.375
151.6875
146.375
148.3125
146.5625
153.25
149.6875
146.25
147.3125
149.9375
148.9375
151.5625
