1199.0
1213.0
1202.5
1212.5
1219.5
1192.0
1222.0
1211.0
1189.5
1145.0
1197.0
1211.5
1211.0
1227.0
1173.5
1205.0
1219.0
1186.5
1206.5
1186.5
1252.0
1215.0
1195.5
1206.5
1201.0
1226.0
1198.0
1231.0
1193.0
1213.0
1227.5
1214.5
1213.5
1187.5
1201.0
1241.0
1174.5
1195.0
1229.0
1199.0
1237.0
1196.5
1194.5
1214.5
1198.5
1194.5
1249.5
1233.5
1217.0
1207.0
1200.5
1205.0
1175.0
1217.5
1196.5
1204.5
1210.5
1212.5
1221.5
1180.5
1209.5
1224.5
1183.5
1204.0
1196.5
1205.0
1234.5
1210.0
1197.0
1205.5
1220.0
1207.0
1229.5
1197.0
1209.0
1204.0
1217.5
1204.0
1215.0
1207.5
1209.5
1195.5
1187.5
1198.5
1203.0
1197.5
1195.0
1197.5
1223.0
1208.0
1227.0
1203.5
1201.0
1170.5
1184.0
1215.5
1171.0
1183.0
1206.5
1195.0
