609.25
610.0
591.75
591.75
596.75
593.25
598.75
599.25
606.25
606.5
593.5
602.25
600.75
582.25
598.25
602.0
615.0
599.0
593.5
607.75
607.5
604.25
612.75
598.75
615.75
601.0
601.75
614.5
610.5
588.75
600.5
603.0
589.5
607.75
581.5
604.75
594.5
590.5
601.5
589.25
603.25
606.25
595.0
597.5
614.75
605.75
580.0
597.5
607.75
592.75
615.25
595.0
599.75
593.0
594.0
595.75
603.25
608.25
606.25
608.0
604.5
619.0
601.0
594.75
598.25
611.25
600.75
606.0
605.5
611.5
601.5
597.75
596.75
591.0
606.0
587.25
598.25
603.75
600.0
599.5
601.5
593.25
601.25
612.0
601.25
593.5
604.75
603.75
596.0
598.75
635.75
605.0
615.25
598.25
613.0
586.25
609.75
585.25
597.25
597.25
