80.5
71.0
69.0
75.25
72.5
68.5
78.0
73.75
68.75
72.25
73.5
73.75
79.5
69.0
81.0
73.0
75.75
71.5
69.5
76.5
80.0
70.75
78.5
80.75
73.25
76.0
71.5
79.75
74.75
79.5
77.25
71.25
78.75
74.25
68.25
74.0
72.5
72.0
77.75
77.0
70.25
77.25
71.75
73.75
79.0
72.75
77.25
74.0
79.0
72.0
72.75
71.0
67.5
70.25
66.75
76.25
81.5
74.5
76.5
66.25
81.25
79.75
76.25
79.25
76.75
75.75
75.5
69.75
77.5
74.25
67.5
72.0
77.5
75.25
73.0
71.75
72.25
77.5
77.5
77.25
79.75
74.25
77.5
77.0
78.5
78.0
72.25
67.25
71.0
75.25
75.75
65.5
78.25
77.75
84.25
69.25
80.25
70.75
66.25
67.75
