969.0
973.5
970.5
970.5
988.0
989.5
967.0
984.5
966.5
973.0
957.0
989.5
939.5
982.0
982.0
915.5
955.0
955.5
936.5
986.5
957.5
969.0
974.0
973.5
959.5
957.0
957.0
940.0
969.0
965.5
984.0
937.5
968.0
960.0
963.0
955.0
967.5
963.0
981.0
959.5
1005.5000000000001
969.5
960.0
947.0
981.5
980.0
968.5
991.5
947.0
975.0
993.5
928.0
949.0
975.0
1000.5
964.5
957.5
940.0
962.0
980.0
956.5
953.5
962.5
958.5
997.5
974.5
982.0
977.0
973.0
969.0
984.0
981.5
982.0
986.5
960.5
958.0
988.0
969.0
945.0
1003.5000000000001
945.0
980.0
943.5
1004.9999999999999
955.0
972.0
933.0
936.0
948.5
971.5
974.0
979.5
979.0
971.0
959.5
939.0
959.5
962.5
958.0
980.5
