2.3333333333333335
4.166666666666667
2.6666666666666665
4.333333333333333
4.333333333333333
3.0
3.5
3.833333333333333
5.333333333333333
3.3333333333333335
3.6666666666666665
2.1666666666666665
3.6666666666666665
2.6666666666666665
2.8333333333333335
3.833333333333333
3.3333333333333335
3.5
3.833333333333333
4.166666666666667
3.3333333333333335
3.0
4.666666666666667
2.3333333333333335
3.6666666666666665
2.6666666666666665
2.5
3.833333333333333
2.6666666666666665
4.333333333333333
5.666666666666667
3.0
4.0
4.0
4.833333333333334
3.0
5.333333333333333
4.166666666666667
3.6666666666666665
3.5
3.1666666666666665
2.0
3.3333333333333335
2.6666666666666665
2.3333333333333335
3.5
2.3333333333333335
2.1666666666666665
4.833333333333334
3.1666666666666665
2.8333333333333335
2.6666666666666665
3.0
2.6666666666666665
3.833333333333333
4.666666666666667
3.0
2.8333333333333335
3.833333333333333
4.166666666666667
1.8333333333333333
4.0
2.6666666666666665
3.0
3.0
3.0
3.5
3.5
3.833333333333333
2.8333333333333335
3.3333333333333335
3.6666666666666665
4.333333333333333
2.8333333333333335
2.6666666666666665
3.833333333333333
2.6666666666666665
2.8333333333333335
2.3333333333333335
3.0
3.1666666666666665
3.0
2.1666666666666665
4.0
3.6666666666666665
2.6666666666666665
3.1666666666666665
2.1666666666666665
5.166666666666667
3.0
2.0
3.5
3.1666666666666665
4.166666666666667
4.666666666666667
3.833333333333333
3.0
3.5
2.5
2.8333333333333335
