243.2
236.6
237.6
243.0
236.4
239.6
241.6
234.8
242.0
232.0
245.0
237.8
238.0
241.0
248.6
252.0
241.6
243.0
240.0
238.4
230.2
237.0
238.2
240.4
242.4
230.2
232.8
234.6
247.0
237.6
249.8
243.4
238.8
241.2
234.8
238.8
246.4
241.0
230.6
245.6
245.2
234.8
234.4
241.4
247.0
240.0
233.8
240.4
239.2
235.6
250.0
238.4
238.8
242.0
242.6
236.8
239.4
241.0
234.6
239.8
230.0
258.0
234.6
232.2
241.4
233.8
223.2
233.6
238.6
235.6
240.4
240.6
241.2
247.4
241.2
244.8
243.4
239.0
237.4
241.0
240.6
233.8
235.6
236.2
250.80000000000004
241.4
252.0
247.6
232.2
238.6
241.8
239.6
240.2
243.0
237.8
240.2
240.4
242.0
237.4
239.2
