11.666666666666668
12.0
12.666666666666666
14.333333333333334
15.0
13.833333333333332
13.666666666666668
12.5
14.166666666666666
12.666666666666666
13.0
12.5
16.0
12.833333333333334
12.666666666666666
14.0
12.666666666666666
11.5
14.5
12.833333333333334
13.166666666666666
12.0
13.333333333333334
14.0
11.666666666666668
15.5
13.0
14.166666666666666
12.666666666666666
11.333333333333334
13.5
13.833333333333332
14.0
11.0
13.0
14.666666666666666
13.0
15.0
12.833333333333334
13.0
13.5
11.666666666666668
12.833333333333334
13.166666666666666
13.0
13.0
15.166666666666666
13.0
14.666666666666666
14.666666666666666
12.5
13.333333333333334
15.0
14.5
12.666666666666666
13.5
12.666666666666666
13.166666666666666
13.333333333333334
12.5
14.666666666666666
13.666666666666668
16.333333333333332
15.5
13.333333333333334
13.333333333333334
10.5
14.166666666666666
13.333333333333334
12.166666666666666
13.166666666666666
11.333333333333334
13.5
13.833333333333332
13.166666666666666
14.166666666666666
12.833333333333334
13.5
12.0
15.0
15.333333333333332
13.333333333333334
9.833333333333332
13.333333333333334
14.333333333333334
14.166666666666666
14.5
13.0
14.5
15.833333333333334
16.5
13.333333333333334
13.833333333333332
11.833333333333332
14.666666666666666
12.5
12.833333333333334
13.666666666666668
13.166666666666666
11.833333333333332
