358.75
341.5
353.75
348.25
349.25
349.25
335.75
347.0
344.5
348.5
361.25
354.25
352.5
353.75
373.0
354.5
349.5
345.5
365.5
350.0
356.0
351.5
365.5
361.25
363.25
361.75
352.0
355.5
359.5
362.25
346.25
350.25
354.5
340.75
351.75
355.5
350.5
345.25
358.75
374.0
369.75
347.75
350.5
337.25
334.75
365.25
363.75
346.75
353.25
364.75
351.5
368.75
359.75
358.0
365.0
358.25
362.75
360.0
365.0
360.5
344.25
357.0
360.75
354.25
367.5
353.25
354.0
349.5
351.0
337.25
347.75
362.0
364.0
347.0
372.25
346.0
359.5
357.0
349.0
355.0
360.75
349.75
348.25
348.0
348.0
345.75
365.5
350.5
363.25
360.0
343.5
354.0
358.75
364.75
350.75
347.75
356.25
346.5
359.5
345.5
