114.85714285714286
122.42857142857143
119.57142857142857
115.28571428571429
121.42857142857142
117.85714285714286
112.57142857142857
120.14285714285714
115.28571428571429
117.57142857142858
121.14285714285714
118.85714285714286
122.0
115.42857142857142
125.85714285714286
123.14285714285712
114.85714285714286
119.0
114.14285714285714
127.42857142857142
118.42857142857142
119.0
118.0
124.85714285714286
131.0
115.57142857142858
126.0
115.71428571428571
113.0
115.42857142857142
118.71428571428571
121.71428571428572
116.42857142857142
114.28571428571428
126.14285714285714
127.14285714285714
121.0
123.85714285714286
122.0
120.71428571428572
121.14285714285714
117.57142857142858
116.57142857142858
122.14285714285712
121.57142857142857
119.14285714285714
113.57142857142858
120.28571428571429
117.28571428571429
113.71428571428571
123.0
117.28571428571429
116.71428571428571
130.14285714285714
117.57142857142858
117.14285714285714
122.71428571428572
116.71428571428571
117.0
116.71428571428571
119.28571428571429
127.57142857142856
121.71428571428572
120.14285714285714
114.57142857142858
112.85714285714286
121.28571428571429
114.85714285714286
120.28571428571429
122.14285714285712
121.28571428571429
114.0
126.42857142857142
121.71428571428572
121.14285714285714
121.71428571428572
118.0
121.14285714285714
115.85714285714286
119.0
118.14285714285714
122.71428571428572
118.28571428571429
119.85714285714286
125.14285714285714
119.14285714285714
114.28571428571428
122.85714285714286
125.0
122.85714285714286
114.14285714285714
117.85714285714286
120.71428571428572
112.28571428571428
121.14285714285714
115.57142857142858
119.57142857142857
116.71428571428571
120.14285714285714
119.57142857142857
