325.0
346.0
343.5
352.5
344.0
352.0
336.0
360.0
341.0
334.5
318.5
354.0
359.0
341.5
348.0
335.5
341.0
353.5
351.5
342.5
355.5
317.5
365.5
340.5
349.0
362.0
361.0
337.5
341.5
332.0
333.5
337.0
324.5
353.5
338.0
342.0
356.5
337.0
355.0
339.0
330.0
344.5
360.5
336.0
340.0
348.0
348.0
337.0
355.0
334.0
337.0
348.0
330.5
344.0
355.5
350.5
342.0
350.5
346.0
360.0
334.0
328.5
344.0
335.5
338.0
349.5
351.0
366.0
353.0
344.0
326.0
335.0
352.0
337.5
339.5
359.0
357.0
327.5
341.0
336.5
339.0
347.0
336.5
333.0
348.0
338.5
342.5
360.5
351.0
365.5
348.0
338.5
338.0
358.0
361.5
340.0
345.5
329.5
336.0
323.5
