171.16666666666666
171.83333333333334
163.16666666666666
159.5
161.16666666666669
164.16666666666666
175.16666666666666
174.66666666666666
168.16666666666666
170.0
165.66666666666666
172.16666666666666
161.66666666666666
170.83333333333334
156.66666666666669
169.0
164.0
166.5
170.66666666666666
161.66666666666666
170.83333333333334
168.0
167.83333333333334
167.83333333333334
158.83333333333331
172.16666666666666
167.83333333333334
164.16666666666666
171.0
166.0
167.66666666666666
162.83333333333334
165.0
172.33333333333334
173.66666666666666
163.33333333333334
174.66666666666666
163.0
168.83333333333334
168.0
166.33333333333334
170.66666666666666
171.16666666666666
166.33333333333334
171.0
179.16666666666666
166.16666666666666
170.16666666666666
158.83333333333331
164.33333333333334
172.5
167.33333333333334
162.0
168.0
166.16666666666666
173.16666666666666
163.83333333333334
160.16666666666669
165.83333333333334
165.16666666666666
161.83333333333334
164.5
167.16666666666666
167.66666666666666
171.66666666666666
164.33333333333334
163.83333333333334
165.5
175.0
169.33333333333334
164.33333333333334
172.0
156.66666666666669
170.0
170.66666666666666
172.33333333333334
161.66666666666666
162.16666666666666
172.66666666666666
169.83333333333334
160.5
160.0
164.33333333333334
165.0
162.83333333333334
176.0
166.33333333333334
171.33333333333334
163.83333333333334
170.16666666666666
165.0
163.16666666666666
172.33333333333334
169.33333333333334
168.16666666666666
168.16666666666666
167.33333333333334
168.0
172.66666666666666
169.16666666666666
