476.0
501.49999999999994
513.0
509.0
490.0
482.5
484.5
475.0
474.5
502.49999999999994
518.0
504.0
498.5
488.5
494.0
506.49999999999994
496.5
490.5
516.4999999999999
506.49999999999994
477.5
474.5
516.4999999999999
503.0
530.5
486.5
506.0
513.4999999999999
486.0
498.5
500.0
500.49999999999994
489.5
486.0
503.0
492.5
498.5
510.0
518.4999999999999
468.5
503.49999999999994
506.0
520.0
498.0
508.0
472.0
494.5
487.0
484.5
503.0
482.5
503.49999999999994
542.5
524.0
496.0
472.5
488.0
501.49999999999994
497.0
503.49999999999994
503.49999999999994
499.0
485.0
511.49999999999994
529.0
489.5
506.0
503.49999999999994
512.0
495.5
520.4999999999999
505.0
498.0
526.5
497.0
525.0
502.49999999999994
501.0
517.4999999999999
508.49999999999994
506.49999999999994
502.49999999999994
497.0
510.49999999999994
498.5
508.0
493.5
483.0
483.0
500.49999999999994
493.5
516.0
520.4999999999999
515.4999999999999
476.0
488.5
504.0
520.4999999999999
514.4999999999999
503.49999999999994
