91.6
87.0
95.8
95.4
90.4
87.6
87.4
90.0
90.6
86.6
92.8
96.4
92.6
96.8
90.2
92.0
89.6
92.8
87.4
92.0
87.2
87.6
96.0
84.2
87.8
86.0
85.6
88.0
86.4
92.6
95.8
92.2
96.6
97.6
95.2
87.6
91.4
83.0
94.6
89.2
96.8
96.2
96.0
91.8
97.8
92.6
92.2
95.4
87.0
90.4
94.6
81.2
88.6
86.2
89.6
92.4
94.4
105.4
89.6
91.8
83.4
89.6
85.0
91.0
89.0
89.4
86.2
88.6
90.8
90.6
92.0
90.8
95.8
92.8
88.0
88.4
82.4
86.0
94.4
98.4
90.4
87.8
86.8
86.4
93.8
94.6
88.6
87.2
88.2
88.8
90.2
94.8
95.4
94.6
85.4
95.8
90.8
91.4
91.4
85.4
