31.0
31.800000000000004
33.4
31.2
31.800000000000004
32.8
30.2
30.6
32.0
31.800000000000004
35.0
30.2
30.0
33.4
32.599999999999994
27.4
28.2
26.4
28.8
30.0
30.4
28.4
25.6
32.0
31.399999999999995
30.8
31.600000000000005
32.0
30.2
27.6
31.800000000000004
27.4
27.8
32.8
32.0
31.2
33.2
29.0
30.0
33.8
31.399999999999995
33.8
28.8
28.2
30.6
27.6
32.4
29.4
29.2
34.8
26.8
28.6
29.6
31.600000000000005
32.599999999999994
27.6
27.4
34.2
30.6
33.0
23.2
33.0
28.0
31.2
29.8
30.8
30.2
34.0
31.800000000000004
31.800000000000004
32.2
30.4
30.2
27.2
29.4
30.6
29.8
25.6
30.8
28.0
29.8
31.600000000000005
32.4
29.8
33.0
27.0
28.4
31.2
31.0
31.2
33.4
32.599999999999994
30.6
30.8
31.0
29.2
26.4
27.4
30.6
29.4
