46.5
48.333333333333336
51.0
46.16666666666667
44.166666666666664
50.0
46.33333333333333
53.83333333333333
51.333333333333336
44.333333333333336
45.66666666666667
48.666666666666664
50.166666666666664
47.66666666666667
50.5
52.166666666666664
53.5
47.0
47.16666666666667
45.83333333333333
52.5
51.0
52.833333333333336
49.5
51.666666666666664
50.333333333333336
46.5
46.33333333333333
55.16666666666667
52.166666666666664
52.333333333333336
50.0
52.333333333333336
44.666666666666664
54.66666666666667
43.5
46.5
50.0
49.166666666666664
48.333333333333336
57.666666666666664
50.833333333333336
47.0
48.666666666666664
44.333333333333336
51.833333333333336
48.666666666666664
52.833333333333336
49.333333333333336
48.666666666666664
54.33333333333333
51.0
49.166666666666664
56.666666666666664
50.833333333333336
50.166666666666664
48.5
47.16666666666667
54.0
46.0
51.833333333333336
46.33333333333333
51.333333333333336
48.833333333333336
57.833333333333336
48.666666666666664
49.833333333333336
46.5
51.0
50.833333333333336
48.666666666666664
53.5
48.333333333333336
49.833333333333336
53.66666666666667
43.5
50.5
49.166666666666664
50.166666666666664
52.666666666666664
53.166666666666664
50.666666666666664
48.333333333333336
48.666666666666664
52.333333333333336
53.66666666666667
47.16666666666667
50.666666666666664
47.16666666666667
51.666666666666664
49.833333333333336
46.5
49.833333333333336
52.333333333333336
50.166666666666664
49.833333333333336
49.833333333333336
51.166666666666664
52.5
48.0
