710.0
712.0
701.0
726.0
692.0
720.0
691.5
732.5
702.0
706.5
733.0
711.0
732.5
731.5
695.5
680.0
699.5
703.5
699.5
716.5
713.0
743.0
697.0
724.5
735.0
705.5
717.0
694.5
693.0
716.5
700.0
741.5
705.5
696.0
706.0
712.5
735.0
723.5
692.0
715.0
710.0
704.0
702.5
721.0
705.0
716.0
745.0
698.5
702.5
702.0
735.0
701.0
722.0
697.0
677.0
735.5
681.5
750.0
730.0
734.5
684.5
726.0
716.5
700.5
685.0
718.5
696.5
733.0
708.0
734.0
681.0
727.0
714.5
705.0
685.5
681.5
703.0
709.0
713.5
727.5
706.5
697.0
695.0
719.0
723.5
717.0
701.0
719.0
698.0
727.0
737.5
718.0
698.0
715.5
732.5
730.0
690.5
703.5
715.0
731.5
