554.6666666666666
564.0
548.0
542.6666666666666
547.0
536.6666666666666
545.6666666666666
553.0
552.6666666666666
556.3333333333334
585.3333333333334
580.0
566.0
572.6666666666666
557.3333333333334
569.0
536.3333333333334
554.3333333333334
570.3333333333334
550.0
556.3333333333334
532.6666666666666
556.0
562.0
554.6666666666666
563.3333333333334
567.6666666666666
564.6666666666666
551.0
561.3333333333334
541.3333333333334
553.6666666666666
551.0
550.6666666666666
559.0
561.0
543.3333333333334
530.6666666666666
558.6666666666666
548.0
575.3333333333334
557.3333333333334
553.3333333333334
562.0
544.3333333333334
553.3333333333334
552.0
567.3333333333334
553.3333333333334
557.6666666666666
556.3333333333334
557.0
568.3333333333334
562.6666666666666
549.0
559.3333333333334
558.0
577.3333333333334
558.0
561.3333333333334
554.6666666666666
549.6666666666666
574.0
569.0
526.6666666666666
531.3333333333334
562.6666666666666
563.0
571.6666666666666
529.6666666666666
553.3333333333334
559.6666666666666
550.0
537.6666666666666
548.0
553.0
552.6666666666666
552.6666666666666
558.3333333333334
565.0
549.6666666666666
535.0
549.0
563.0
541.6666666666666
556.0
580.3333333333334
564.0
544.3333333333334
548.0
541.6666666666666
576.3333333333334
575.0
552.6666666666666
535.0
571.6666666666666
557.6666666666666
555.3333333333334
552.6666666666666
558.6666666666666
