181.0
190.66666666666669
177.66666666666666
191.66666666666669
192.0
189.0
189.66666666666669
176.66666666666666
193.0
183.66666666666669
194.33333333333334
195.33333333333334
185.66666666666669
181.33333333333334
196.0
194.0
181.66666666666666
168.33333333333334
184.66666666666669
171.66666666666666
201.0
186.33333333333331
183.66666666666669
190.33333333333331
181.33333333333334
172.66666666666666
185.0
194.0
192.33333333333331
193.0
174.66666666666666
175.66666666666666
186.0
187.33333333333331
185.0
189.66666666666669
188.66666666666669
188.66666666666669
187.66666666666669
190.33333333333331
187.0
190.33333333333331
183.66666666666669
183.66666666666669
194.33333333333334
188.33333333333331
187.33333333333331
180.0
193.66666666666666
187.66666666666669
175.33333333333334
196.66666666666666
188.0
176.0
189.0
185.0
169.33333333333334
196.33333333333334
189.0
184.0
196.0
199.33333333333334
174.66666666666666
171.0
183.0
189.66666666666669
189.66666666666669
189.0
191.0
178.66666666666666
195.33333333333334
191.0
181.66666666666666
193.0
194.66666666666666
193.0
190.33333333333331
168.0
191.33333333333331
191.66666666666669
190.33333333333331
184.0
190.66666666666669
191.66666666666669
178.33333333333334
185.0
197.0
203.33333333333334
191.33333333333331
184.33333333333331
181.0
181.66666666666666
193.66666666666666
181.0
192.33333333333331
197.66666666666666
195.66666666666666
197.33333333333334
191.66666666666669
180.33333333333334
