27.571428571428573
26.571428571428573
28.0
28.857142857142854
27.71428571428572
24.428571428571427
24.857142857142854
30.857142857142858
25.142857142857146
27.71428571428572
29.428571428571427
26.0
27.571428571428573
25.428571428571427
26.571428571428573
27.857142857142858
28.285714285714285
26.0
27.71428571428572
26.571428571428573
26.285714285714285
29.0
27.142857142857142
27.571428571428573
26.142857142857142
27.285714285714285
26.42857142857143
25.714285714285715
23.571428571428573
28.285714285714285
28.57142857142857
24.428571428571427
28.142857142857142
27.285714285714285
23.714285714285715
27.71428571428572
26.0
31.57142857142857
28.0
29.857142857142854
29.142857142857146
24.285714285714285
25.0
27.285714285714285
27.0
29.571428571428573
24.285714285714285
26.857142857142858
26.285714285714285
28.0
28.142857142857142
26.0
29.0
27.285714285714285
26.714285714285715
30.0
27.71428571428572
28.57142857142857
29.142857142857146
28.428571428571427
30.42857142857143
30.285714285714285
27.857142857142858
29.142857142857146
27.857142857142858
24.57142857142857
30.714285714285715
30.857142857142858
27.428571428571427
27.71428571428572
29.0
27.142857142857142
30.714285714285715
25.0
26.142857142857142
27.71428571428572
26.42857142857143
28.57142857142857
28.57142857142857
27.71428571428572
28.714285714285715
24.285714285714285
29.857142857142854
27.428571428571427
28.428571428571427
28.285714285714285
25.0
27.428571428571427
27.285714285714285
28.57142857142857
24.142857142857142
28.857142857142854
25.428571428571427
23.571428571428573
27.142857142857142
29.142857142857146
28.142857142857142
27.0
28.142857142857142
24.714285714285715
