177.5
159.25
171.75
166.5
181.0
169.75
172.5
176.0
174.75
178.0
165.75
156.25
173.75
178.0
178.5
190.0
171.5
176.0
166.0
180.0
166.5
174.0
168.0
163.0
166.5
179.5
170.5
168.5
162.75
167.0
172.5
169.25
178.25
173.25
164.0
175.5
169.0
174.0
169.75
172.5
170.75
176.0
177.25
180.5
184.0
173.25
175.75
176.75
166.5
167.5
169.25
162.75
177.5
168.5
154.25
160.75
171.75
174.25
168.75
169.0
162.5
168.0
173.75
164.75
168.75
165.0
171.5
172.5
160.25
168.75
171.75
181.75
168.0
169.5
170.25
176.75
178.5
169.0
175.0
176.25
171.25
174.5
176.25
173.0
165.25
178.25
177.0
161.5
172.75
173.0
170.0
172.0
188.25
175.25
170.5
175.0
172.25
172.75
171.25
177.5
