32.5
30.75
29.75
33.0
30.75
30.0
28.5
32.0
30.25
37.0
29.5
33.75
27.5
29.0
30.5
28.5
31.0
29.25
31.5
32.0
33.25
27.5
30.25
33.75
29.75
27.5
30.75
30.25
28.0
30.75
29.5
31.25
30.25
27.25
29.75
31.5
31.5
29.5
32.75
28.0
28.0
28.25
26.75
29.25
30.5
32.5
31.0
32.75
31.5
28.75
36.0
29.25
30.0
33.75
29.25
31.5
30.25
29.5
28.75
31.5
29.75
27.0
33.0
29.75
27.5
30.75
32.75
32.0
27.75
36.25
29.0
23.75
30.75
26.0
30.5
29.0
30.25
31.75
25.75
29.75
34.75
29.25
33.25
23.25
28.75
25.75
29.5
30.25
29.75
31.75
30.5
33.5
31.0
30.0
32.0
29.5
30.0
27.5
27.0
30.5
