93.0
98.0
95.33333333333334
100.33333333333333
99.33333333333333
99.0
101.33333333333333
103.66666666666667
98.0
91.0
93.33333333333334
91.33333333333334
107.66666666666666
94.33333333333334
99.33333333333333
99.66666666666667
102.0
97.0
99.33333333333333
99.0
85.33333333333333
103.66666666666667
92.66666666666666
97.66666666666667
103.66666666666667
84.66666666666667
99.0
98.66666666666667
99.33333333333333
109.33333333333334
99.66666666666667
112.66666666666667
95.66666666666666
89.66666666666667
95.33333333333334
89.66666666666667
91.66666666666666
95.66666666666666
95.66666666666666
94.0
102.0
110.33333333333334
96.66666666666667
108.0
90.66666666666667
98.0
101.66666666666667
100.66666666666667
102.33333333333333
92.33333333333334
109.33333333333334
100.33333333333333
100.33333333333333
95.0
95.33333333333334
102.66666666666667
102.66666666666667
105.33333333333333
96.66666666666667
98.66666666666667
99.0
97.33333333333333
108.0
96.33333333333334
99.0
100.33333333333333
94.66666666666666
111.33333333333334
89.66666666666667
97.0
102.66666666666667
101.0
89.0
91.0
104.0
92.33333333333334
102.66666666666667
105.33333333333333
92.0
108.66666666666666
98.66666666666667
104.33333333333333
90.0
96.33333333333334
105.33333333333333
92.66666666666666
98.33333333333333
93.66666666666666
95.66666666666666
99.66666666666667
105.33333333333333
96.33333333333334
96.33333333333334
99.66666666666667
98.33333333333333
91.66666666666666
112.33333333333333
103.0
99.33333333333333
98.33333333333333
