1.0
0.8571428571428571
1.4285714285714286
1.0
0.5714285714285714
0.5714285714285714
1.0
1.5714285714285716
1.5714285714285716
1.1428571428571428
1.8571428571428572
1.7142857142857142
0.8571428571428571
1.8571428571428572
1.7142857142857142
1.4285714285714286
1.0
1.2857142857142856
0.5714285714285714
1.2857142857142856
0.7142857142857143
0.8571428571428571
1.2857142857142856
0.7142857142857143
1.4285714285714286
1.2857142857142856
0.42857142857142855
1.5714285714285716
1.0
1.0
1.2857142857142856
1.2857142857142856
1.4285714285714286
1.0
1.2857142857142856
2.0
1.2857142857142856
0.7142857142857143
0.8571428571428571
1.4285714285714286
0.7142857142857143
1.0
0.5714285714285714
1.4285714285714286
1.1428571428571428
0.7142857142857143
1.4285714285714286
1.5714285714285716
1.5714285714285716
1.5714285714285716
1.4285714285714286
1.2857142857142856
1.1428571428571428
0.5714285714285714
0.7142857142857143
1.2857142857142856
1.0
0.42857142857142855
0.8571428571428571
1.2857142857142856
1.1428571428571428
0.5714285714285714
1.4285714285714286
1.2857142857142856
1.0
1.2857142857142856
1.7142857142857142
1.5714285714285716
1.2857142857142856
1.2857142857142856
1.4285714285714286
1.0
1.8571428571428572
1.5714285714285716
1.7142857142857142
1.1428571428571428
1.7142857142857142
0.8571428571428571
1.4285714285714286
1.4285714285714286
1.5714285714285716
1.1428571428571428
1.0
0.7142857142857143
1.1428571428571428
0.7142857142857143
1.4285714285714286
0.7142857142857143
0.7142857142857143
0.8571428571428571
1.1428571428571428
1.2857142857142856
0.8571428571428571
1.5714285714285716
1.1428571428571428
0.8571428571428571
0.7142857142857143
1.0
1.4285714285714286
1.1428571428571428
