332.6666666666667
316.0
349.6666666666667
329.3333333333333
330.0
341.0
340.3333333333333
322.6666666666667
321.0
351.3333333333333
329.3333333333333
327.0
332.0
329.6666666666667
320.0
334.3333333333333
337.0
322.0
335.0
321.0
345.3333333333333
329.6666666666667
339.0
337.6666666666667
336.6666666666667
334.6666666666667
333.0
334.3333333333333
316.66666666666663
330.0
330.0
334.0
316.66666666666663
330.0
318.66666666666663
328.3333333333333
348.6666666666667
336.0
344.0
343.0
340.3333333333333
347.3333333333333
335.0
343.6666666666667
336.3333333333333
338.6666666666667
341.3333333333333
346.0
322.0
329.3333333333333
315.66666666666663
337.6666666666667
328.3333333333333
339.3333333333333
337.0
334.3333333333333
352.6666666666667
332.0
337.0
330.3333333333333
333.3333333333333
347.6666666666667
357.3333333333333
349.6666666666667
352.0
343.6666666666667
355.6666666666667
333.0
327.3333333333333
341.0
353.6666666666667
339.3333333333333
333.3333333333333
337.0
338.0
330.3333333333333
328.0
346.3333333333333
324.0
341.0
349.3333333333333
324.6666666666667
334.6666666666667
327.0
336.6666666666667
329.6666666666667
332.3333333333333
339.6666666666667
336.3333333333333
330.0
344.3333333333333
328.6666666666667
321.0
345.3333333333333
338.0
340.0
328.3333333333333
343.6666666666667
331.3333333333333
348.0
