24.0
26.0
30.25
23.25
25.0
27.5
30.5
25.5
30.25
29.0
26.75
25.5
29.25
26.25
27.0
25.5
30.25
32.5
28.0
28.75
26.25
30.75
27.0
26.25
25.0
27.25
29.25
26.0
26.25
29.25
28.5
24.5
28.25
26.5
29.25
26.5
30.0
28.75
27.0
23.5
25.0
30.0
31.75
26.75
30.25
27.0
27.0
26.5
27.75
33.75
28.0
30.25
26.25
30.0
28.75
29.0
29.5
26.75
22.75
24.5
31.25
29.5
28.25
25.5
27.0
27.75
28.5
26.0
26.5
23.25
27.75
31.0
30.75
28.75
26.0
29.5
26.25
29.5
24.75
30.0
26.75
30.25
26.5
21.5
24.75
27.75
27.75
26.75
27.25
23.0
26.0
26.5
25.5
23.75
29.25
31.0
25.0
27.25
28.0
27.5
