13.166666666666666
14.333333333333334
14.666666666666666
11.0
12.0
13.0
11.333333333333334
12.0
12.166666666666666
11.666666666666668
11.166666666666666
12.833333333333334
10.0
13.833333333333332
11.5
14.833333333333334
10.666666666666666
12.166666666666666
13.166666666666666
14.166666666666666
11.333333333333334
13.833333333333332
11.666666666666668
9.5
13.833333333333332
9.333333333333334
9.0
12.5
11.833333333333332
11.666666666666668
11.666666666666668
10.666666666666666
11.166666666666666
12.333333333333334
10.5
10.166666666666666
14.166666666666666
10.666666666666666
12.833333333333334
11.833333333333332
10.166666666666666
13.5
11.666666666666668
12.666666666666666
11.0
9.833333333333332
11.0
12.333333333333334
10.833333333333334
13.5
11.833333333333332
12.5
10.5
10.333333333333334
11.833333333333332
11.5
11.666666666666668
10.5
9.333333333333334
10.5
12.333333333333334
12.333333333333334
10.666666666666666
11.666666666666668
10.166666666666666
8.833333333333334
9.5
12.5
13.833333333333332
10.333333333333334
9.666666666666668
10.5
10.166666666666666
11.833333333333332
12.0
10.833333333333334
15.666666666666666
9.5
12.166666666666666
11.833333333333332
10.333333333333334
12.5
10.166666666666666
12.833333333333334
12.833333333333334
11.833333333333332
9.5
12.333333333333334
11.0
9.166666666666666
14.166666666666666
11.5
10.333333333333334
11.833333333333332
11.833333333333332
13.166666666666666
12.5
12.166666666666666
12.833333333333334
11.333333333333334
