27.142857142857142
24.428571428571427
25.428571428571427
22.571428571428573
24.428571428571427
24.714285714285715
24.142857142857142
22.857142857142858
25.571428571428573
23.571428571428573
23.0
25.857142857142854
26.857142857142858
23.428571428571427
22.42857142857143
21.571428571428573
23.285714285714285
25.714285714285715
25.0
25.142857142857146
23.571428571428573
24.57142857142857
25.428571428571427
24.714285714285715
24.428571428571427
24.428571428571427
28.428571428571427
22.714285714285715
25.571428571428573
22.285714285714285
26.142857142857142
23.428571428571427
22.0
22.285714285714285
24.857142857142854
23.428571428571427
25.571428571428573
25.285714285714285
24.0
26.142857142857142
27.428571428571427
23.428571428571427
26.0
22.714285714285715
26.714285714285715
24.57142857142857
26.571428571428573
23.428571428571427
26.285714285714285
29.428571428571427
24.714285714285715
26.142857142857142
25.428571428571427
25.0
25.285714285714285
25.571428571428573
22.142857142857142
25.0
26.142857142857142
23.0
20.857142857142858
22.714285714285715
28.142857142857142
24.0
25.571428571428573
26.571428571428573
25.857142857142854
26.714285714285715
26.42857142857143
24.285714285714285
25.0
25.142857142857146
21.714285714285715
26.0
25.142857142857146
22.857142857142858
23.428571428571427
27.142857142857142
26.0
23.571428571428573
27.0
22.142857142857142
28.57142857142857
26.142857142857142
26.0
23.0
25.428571428571427
27.857142857142858
23.428571428571427
24.142857142857142
20.0
23.428571428571427
23.0
27.0
25.0
25.142857142857146
23.0
25.142857142857146
23.285714285714285
27.0
