3.3333333333333335
2.6666666666666665
3.1666666666666665
3.0
2.0
3.0
2.8333333333333335
3.3333333333333335
3.0
3.3333333333333335
2.5
3.833333333333333
2.5
1.6666666666666667
4.0
3.0
2.0
3.6666666666666665
2.0
2.5
2.0
3.0
3.1666666666666665
3.1666666666666665
3.3333333333333335
3.1666666666666665
2.8333333333333335
4.166666666666667
4.0
3.5
3.833333333333333
2.3333333333333335
2.0
2.1666666666666665
2.5
3.1666666666666665
2.5
3.0
3.1666666666666665
2.8333333333333335
2.0
2.6666666666666665
2.8333333333333335
4.0
3.0
1.6666666666666667
2.5
3.6666666666666665
3.1666666666666665
2.6666666666666665
3.0
3.1666666666666665
1.6666666666666667
2.8333333333333335
2.6666666666666665
4.0
3.833333333333333
3.833333333333333
2.3333333333333335
2.8333333333333335
2.5
1.6666666666666667
3.5
3.0
3.1666666666666665
2.6666666666666665
2.3333333333333335
2.6666666666666665
1.6666666666666667
2.5
3.3333333333333335
1.8333333333333333
2.8333333333333335
4.166666666666667
2.5
3.0
3.0
2.6666666666666665
3.3333333333333335
3.0
3.1666666666666665
1.6666666666666667
1.8333333333333333
3.3333333333333335
2.6666666666666665
3.833333333333333
2.5
2.1666666666666665
2.6666666666666665
3.1666666666666665
3.5
3.3333333333333335
3.833333333333333
3.5
1.8333333333333333
2.1666666666666665
2.8333333333333335
3.5
2.3333333333333335
2.0
