318.66666666666663
315.33333333333337
322.6666666666667
307.66666666666663
308.33333333333337
305.33333333333337
305.66666666666663
325.3333333333333
318.0
290.6666666666667
307.0
314.33333333333337
299.3333333333333
321.33333333333337
322.33333333333337
319.66666666666663
327.6666666666667
294.0
311.33333333333337
311.0
301.0
320.66666666666663
321.66666666666663
306.66666666666663
298.0
308.66666666666663
303.33333333333337
319.0
314.0
310.66666666666663
302.3333333333333
305.33333333333337
302.0
301.3333333333333
303.33333333333337
310.33333333333337
300.6666666666667
301.0
305.0
318.33333333333337
304.33333333333337
308.0
317.33333333333337
295.6666666666667
300.3333333333333
316.66666666666663
302.0
299.6666666666667
291.6666666666667
301.6666666666667
297.3333333333333
300.0
321.0
315.33333333333337
321.0
300.6666666666667
315.66666666666663
297.0
302.3333333333333
308.33333333333337
302.0
314.66666666666663
305.66666666666663
312.0
299.6666666666667
304.0
314.0
283.3333333333333
304.66666666666663
312.66666666666663
326.0
309.0
329.0
304.66666666666663
295.6666666666667
299.6666666666667
299.6666666666667
315.66666666666663
309.0
313.0
309.66666666666663
311.33333333333337
312.66666666666663
303.66666666666663
305.33333333333337
304.33333333333337
301.0
295.6666666666667
315.66666666666663
313.0
295.6666666666667
299.3333333333333
319.33333333333337
313.33333333333337
301.3333333333333
308.66666666666663
314.33333333333337
307.33333333333337
312.33333333333337
316.33333333333337
