331.5
337.75
326.75
329.25
325.5
320.75
333.5
329.75
323.75
335.0
320.0
338.0
312.25
321.5
319.25
328.25
318.5
345.5
341.75
326.25
319.0
328.25
332.0
328.75
325.0
329.25
330.25
317.75
324.5
325.25
321.25
323.25
318.25
332.25
313.75
334.5
329.25
331.5
337.75
340.0
333.25
337.5
330.0
330.0
326.25
335.5
341.0
338.0
330.0
336.0
339.0
336.25
334.0
332.5
328.25
353.25
335.5
326.25
322.0
326.5
337.5
331.75
336.0
325.25
341.75
324.75
334.0
330.25
313.75
337.0
325.75
338.75
343.5
329.0
330.5
333.0
325.0
320.5
337.5
318.25
334.25
333.25
334.0
320.75
323.0
325.75
339.0
336.5
331.5
330.75
326.75
338.0
330.0
332.5
327.0
338.25
324.0
324.25
331.0
328.75
