116.42857142857142
106.71428571428572
108.71428571428571
108.42857142857143
103.85714285714286
106.71428571428572
112.14285714285714
102.85714285714286
111.42857142857143
108.14285714285714
109.0
110.85714285714288
107.71428571428572
106.0
110.14285714285714
106.85714285714286
110.42857142857143
109.71428571428571
104.57142857142857
107.14285714285712
111.0
110.28571428571429
109.28571428571429
106.0
116.71428571428571
109.57142857142857
106.42857142857143
110.28571428571429
105.71428571428572
115.0
103.28571428571429
103.28571428571429
112.28571428571428
105.71428571428572
108.85714285714286
108.85714285714286
110.71428571428571
107.0
109.85714285714286
107.14285714285712
103.42857142857142
109.71428571428571
110.42857142857143
105.57142857142857
112.71428571428571
106.0
111.42857142857143
108.85714285714286
107.42857142857143
106.71428571428572
111.42857142857143
108.14285714285714
107.0
103.28571428571429
109.71428571428571
114.28571428571428
107.0
106.42857142857143
107.42857142857143
106.85714285714286
108.71428571428571
104.0
108.42857142857143
104.57142857142857
100.71428571428571
110.14285714285714
115.42857142857142
105.71428571428572
105.0
108.0
108.0
112.14285714285714
111.42857142857143
107.57142857142857
108.0
113.0
111.14285714285714
107.42857142857143
107.42857142857143
112.14285714285714
107.71428571428572
108.14285714285714
112.85714285714286
106.71428571428572
106.71428571428572
105.28571428571429
110.85714285714288
111.14285714285714
114.71428571428571
110.57142857142857
105.85714285714286
106.42857142857143
110.85714285714288
110.28571428571429
109.71428571428571
111.71428571428571
108.0
104.85714285714286
109.57142857142857
109.28571428571429
