81.4
84.6
87.8
80.6
92.2
85.8
85.0
75.6
83.0
83.8
84.4
82.8
75.2
80.2
81.4
85.0
86.2
78.6
82.4
83.8
87.8
87.0
79.2
82.8
87.6
81.4
86.4
82.0
77.8
79.4
82.0
88.2
81.4
82.8
82.2
80.6
73.6
79.4
81.6
86.2
73.8
85.4
90.4
79.6
84.2
83.0
84.4
86.8
83.0
81.0
83.0
78.4
78.8
86.6
81.0
82.8
83.4
84.0
85.6
81.6
83.0
83.2
83.4
84.4
79.8
87.0
79.6
79.6
87.4
83.2
80.2
88.0
84.4
90.8
85.6
85.2
80.0
83.2
82.4
82.6
84.2
76.0
79.0
85.4
81.0
86.0
86.6
75.8
79.8
84.8
79.8
87.6
85.2
82.8
84.0
79.4
80.4
79.0
81.2
81.6
