25.8
24.4
29.0
27.8
27.8
26.6
24.4
23.4
28.8
26.4
30.0
29.0
26.4
28.6
22.6
28.6
28.6
26.0
26.4
28.2
27.0
27.8
31.2
27.4
30.4
27.4
27.0
27.8
27.2
27.0
25.6
25.8
28.0
28.6
27.0
26.6
30.6
26.8
30.6
32.0
24.0
25.8
27.4
26.4
27.8
26.6
30.0
27.4
29.2
25.6
22.6
27.6
23.6
28.6
26.0
30.4
23.4
30.2
30.0
27.6
26.8
28.2
24.6
27.8
28.0
27.0
24.8
28.8
24.6
26.2
29.0
28.4
28.0
29.4
25.8
28.0
28.2
28.8
28.0
26.4
28.2
28.8
29.8
27.6
25.8
27.8
27.6
26.4
29.4
27.2
28.6
26.8
27.4
29.4
26.2
27.0
30.4
28.2
28.0
27.0
