4.0
5.0
6.0
4.714285714285714
4.857142857142857
5.857142857142857
5.714285714285714
5.0
5.2857142857142865
4.571428571428571
5.857142857142857
6.0
4.857142857142857
4.571428571428571
5.2857142857142865
4.142857142857142
6.0
5.142857142857142
4.571428571428571
4.571428571428571
4.428571428571429
5.2857142857142865
4.714285714285714
5.571428571428571
3.7142857142857144
4.571428571428571
8.0
5.2857142857142865
3.857142857142857
4.428571428571429
4.428571428571429
4.2857142857142865
5.857142857142857
6.857142857142857
5.428571428571429
5.142857142857142
5.571428571428571
5.2857142857142865
3.7142857142857144
5.142857142857142
3.857142857142857
5.142857142857142
6.428571428571429
5.142857142857142
4.0
5.571428571428571
6.428571428571429
4.428571428571429
4.857142857142857
4.428571428571429
6.714285714285714
5.714285714285714
6.2857142857142865
6.714285714285714
4.857142857142857
5.0
4.714285714285714
7.0
4.571428571428571
5.0
5.857142857142857
5.2857142857142865
7.428571428571429
6.714285714285714
3.571428571428571
6.142857142857142
4.142857142857142
6.714285714285714
6.0
5.857142857142857
4.857142857142857
4.428571428571429
7.0
5.428571428571429
4.857142857142857
4.428571428571429
6.0
5.142857142857142
4.571428571428571
5.0
4.0
5.0
4.0
3.1428571428571432
4.857142857142857
4.857142857142857
3.7142857142857144
5.0
4.142857142857142
5.714285714285714
4.428571428571429
4.428571428571429
6.0
6.0
4.857142857142857
6.0
6.0
5.142857142857142
4.142857142857142
6.2857142857142865
