655.5
674.0
686.0
658.5
674.0
652.5
649.5
672.5
662.0
638.5
647.0
650.0
665.5
670.5
681.0
661.0
657.5
658.0
671.5
679.5
637.5
645.5
634.0
652.0
672.5
662.0
636.0
679.5
666.0
654.0
669.0
677.5
662.0
665.0
636.5
654.5
650.5
677.0
656.5
647.0
668.0
647.0
692.5
675.5
644.0
639.0
679.5
655.5
676.5
648.5
668.0
651.5
667.5
676.5
650.5
673.5
662.5
662.0
670.0
662.0
680.0
640.5
667.5
667.0
654.0
655.0
658.5
659.5
675.0
674.0
654.5
632.5
641.0
650.0
663.5
639.5
639.0
675.0
639.5
654.5
671.0
659.0
652.5
654.0
667.0
654.0
678.5
647.5
661.5
654.0
654.0
668.0
654.0
651.0
663.0
661.0
678.0
669.0
628.0
651.0
