151.0
151.0
156.0
150.66666666666666
155.66666666666669
152.0
148.33333333333334
156.66666666666669
152.83333333333331
159.33333333333331
146.16666666666666
155.33333333333331
155.16666666666669
163.16666666666666
156.83333333333331
151.0
151.83333333333331
154.83333333333331
151.66666666666669
157.5
162.16666666666666
147.33333333333334
152.16666666666669
154.5
154.16666666666669
145.33333333333334
159.83333333333331
151.0
157.66666666666669
152.5
152.83333333333331
151.66666666666669
156.0
163.33333333333334
153.0
161.66666666666666
149.33333333333334
150.0
148.83333333333334
151.16666666666666
154.83333333333331
152.0
159.33333333333331
157.5
156.0
150.83333333333334
151.66666666666669
152.33333333333331
162.0
151.66666666666669
141.33333333333334
158.16666666666669
150.33333333333334
153.16666666666669
157.83333333333331
157.5
162.33333333333334
166.33333333333334
158.83333333333331
158.5
153.16666666666669
151.83333333333331
151.66666666666669
156.33333333333331
152.16666666666669
151.16666666666666
149.0
157.33333333333331
144.33333333333334
157.33333333333331
146.0
156.5
151.16666666666666
151.33333333333331
157.33333333333331
151.83333333333331
155.0
149.0
154.83333333333331
156.66666666666669
153.66666666666669
151.5
152.33333333333331
145.66666666666666
153.66666666666669
152.5
145.66666666666666
150.66666666666666
157.0
157.5
155.66666666666669
151.5
155.33333333333331
152.5
145.66666666666666
149.5
157.83333333333331
151.33333333333331
149.66666666666666
153.16666666666669
