453.5
441.0
462.0
471.5
459.0
455.5
463.0
478.5
495.0
453.5
470.0
460.0
448.0
465.0
471.0
451.5
459.5
452.5
469.0
459.5
451.0
450.0
442.5
458.5
484.0
484.5
448.0
468.0
488.5
452.0
460.5
451.0
449.0
442.5
473.0
476.0
458.0
477.0
470.0
460.0
446.5
480.0
426.5
462.0
446.0
446.5
448.0
481.5
474.5
465.0
456.0
455.5
442.5
452.0
459.5
466.0
475.0
459.0
461.0
431.5
476.5
475.0
453.0
459.5
459.5
455.5
465.5
452.5
447.0
464.0
466.5
443.5
474.0
443.0
469.0
459.0
487.0
462.5
455.5
453.5
474.0
467.5
444.0
495.0
456.5
451.5
495.0
441.5
472.0
459.0
472.5
456.0
446.5
468.5
476.5
472.5
471.5
458.0
435.5
455.0
