510.6666666666667
514.6666666666667
515.3333333333333
528.3333333333334
527.6666666666666
522.3333333333333
504.3333333333333
529.6666666666666
537.6666666666666
530.0
516.6666666666667
505.0
528.0
522.6666666666666
534.6666666666666
516.6666666666667
527.3333333333334
517.6666666666667
513.3333333333333
525.6666666666666
513.6666666666667
527.0
508.6666666666667
501.3333333333333
499.0
518.3333333333333
512.3333333333333
525.6666666666666
503.0
518.6666666666667
506.3333333333333
534.3333333333334
511.3333333333333
512.6666666666667
509.3333333333333
529.3333333333334
510.6666666666667
516.6666666666667
517.6666666666667
526.6666666666666
526.0
526.3333333333334
519.3333333333333
515.6666666666667
494.33333333333337
515.6666666666667
511.6666666666667
511.6666666666667
528.6666666666666
509.0
527.3333333333334
514.0
505.6666666666667
515.3333333333333
501.6666666666667
524.6666666666666
518.3333333333333
494.33333333333337
528.6666666666666
531.0
508.3333333333333
522.0
508.6666666666667
511.6666666666667
554.0
506.3333333333333
525.6666666666666
519.3333333333333
507.6666666666667
524.6666666666666
501.6666666666667
533.3333333333334
524.0
534.6666666666666
506.6666666666667
517.6666666666667
519.6666666666667
509.0
522.3333333333333
514.6666666666667
515.3333333333333
543.0
522.0
529.0
523.0
520.3333333333333
534.0
499.33333333333337
507.3333333333333
523.0
502.6666666666667
491.0
522.6666666666666
534.3333333333334
518.3333333333333
509.3333333333333
503.0
519.6666666666667
524.3333333333334
516.6666666666667
