89.0
82.0
90.33333333333333
87.0
91.33333333333334
81.33333333333333
84.66666666666667
93.33333333333334
85.33333333333333
86.66666666666667
90.33333333333333
93.33333333333334
86.66666666666667
93.66666666666666
84.0
91.66666666666666
95.33333333333334
86.66666666666667
89.0
94.0
88.0
86.0
94.66666666666666
100.33333333333333
94.0
88.33333333333333
86.66666666666667
80.66666666666667
87.33333333333333
87.33333333333333
86.0
91.0
98.66666666666667
91.0
93.33333333333334
87.0
85.66666666666667
91.66666666666666
87.0
86.0
89.66666666666667
90.33333333333333
95.33333333333334
85.66666666666667
90.33333333333333
95.66666666666666
81.66666666666667
82.0
82.0
89.33333333333333
96.33333333333334
95.66666666666666
88.0
89.66666666666667
90.0
91.33333333333334
101.33333333333333
96.33333333333334
90.66666666666667
90.66666666666667
92.33333333333334
93.66666666666666
88.66666666666667
86.66666666666667
95.33333333333334
91.33333333333334
90.33333333333333
88.33333333333333
92.66666666666666
83.0
94.33333333333334
87.33333333333333
84.66666666666667
86.0
85.33333333333333
95.0
79.66666666666666
91.66666666666666
87.33333333333333
91.33333333333334
100.66666666666667
91.0
92.33333333333334
87.33333333333333
86.0
92.66666666666666
81.0
88.33333333333333
89.33333333333333
95.33333333333334
99.0
89.33333333333333
89.33333333333333
92.66666666666666
93.66666666666666
93.0
90.33333333333333
90.33333333333333
93.0
105.0
