888.5
892.5
888.5
900.5
922.0
911.5
913.0
921.0
885.5
892.5
905.5
892.0
940.5
921.5
887.0
909.0
888.0
910.5
914.0
893.0
958.0
895.5
907.0
889.0
900.5
910.0
934.5
917.0
889.5
923.5
897.5
888.0
908.0
904.0
894.0
895.0
908.5
908.5
902.0
904.5
871.5
911.5
896.0
932.5
895.5
896.0
908.5
900.0
903.5
896.5
906.5
931.0
871.5
887.0
893.5
898.0
881.5
918.5
885.0
917.5
896.0
914.5
927.0
917.0
912.5
915.0
900.5
917.5
890.5
914.5
906.5
893.5
882.5
903.0
900.0
897.5
884.0
887.0
914.5
895.0
907.0
901.0
924.5
890.0
886.0
917.5
922.0
877.0
908.0
868.5
921.0
919.0
874.5
914.0
877.5
899.0
916.5
896.0
887.0
894.0
