155.75
155.5
150.25
153.25
154.25
159.5
160.5
151.0
163.5
149.5
155.5
150.0
157.5
160.0
154.0
163.0
149.25
149.75
155.0
158.25
150.5
159.0
163.75
156.25
160.25
152.25
157.5
171.25
147.5
159.5
160.75
150.0
151.25
157.25
159.25
150.25
158.0
162.5
157.25
160.0
149.0
152.0
151.0
163.5
160.75
159.0
156.5
152.25
166.75
151.5
162.25
165.75
151.5
158.25
151.5
154.75
168.25
149.75
161.25
148.0
163.25
154.0
152.0
157.25
154.25
157.5
168.5
149.5
161.75
145.25
158.75
164.25
161.75
161.0
161.0
153.25
157.0
161.5
158.25
156.5
163.0
168.25
161.5
162.25
154.75
158.5
163.25
155.75
149.25
153.25
157.5
151.5
151.0
153.75
158.5
154.25
155.25
162.0
161.25
143.25
