222.4
222.6
219.0
215.0
223.4
209.8
224.8
232.6
225.6
227.2
218.4
223.4
220.2
220.2
229.2
219.4
220.8
222.2
227.2
215.4
228.0
223.8
220.4
219.2
223.0
218.0
223.6
239.2
218.0
226.6
220.8
228.6
220.2
233.2
215.0
223.6
224.8
220.0
214.4
230.4
217.0
212.0
232.8
221.8
214.0
219.0
218.4
212.8
228.0
231.4
223.0
212.6
218.2
209.4
224.0
217.0
218.2
230.8
224.4
228.8
216.2
220.8
225.0
222.2
218.0
217.0
220.6
220.0
222.0
228.0
223.4
224.4
223.8
218.0
208.2
221.4
212.8
213.6
221.4
215.4
228.4
226.0
215.6
218.8
221.8
215.0
223.6
226.4
217.8
223.2
213.4
210.8
218.0
228.0
219.0
216.6
226.6
224.0
226.8
219.4
