168.66666666666666
167.0
180.66666666666666
184.66666666666669
173.66666666666666
161.66666666666666
160.0
170.33333333333334
164.0
160.33333333333331
166.66666666666666
182.0
157.0
164.0
160.33333333333331
167.66666666666666
162.33333333333334
175.33333333333334
165.0
183.66666666666669
173.66666666666666
164.0
169.0
171.66666666666666
165.0
167.0
164.0
167.66666666666666
166.66666666666666
170.0
168.0
166.0
171.66666666666666
180.33333333333334
173.33333333333334
160.33333333333331
165.33333333333334
182.0
168.0
161.66666666666666
167.66666666666666
174.66666666666666
172.0
169.0
180.0
176.33333333333334
169.0
157.0
185.33333333333331
173.0
171.66666666666666
174.33333333333334
174.33333333333334
185.0
175.0
170.66666666666666
169.66666666666666
162.66666666666666
166.66666666666666
185.0
177.0
168.33333333333334
163.33333333333334
171.33333333333334
168.0
172.0
175.66666666666666
171.33333333333334
158.33333333333331
163.66666666666666
177.33333333333334
169.33333333333334
179.33333333333334
173.0
170.0
173.33333333333334
171.0
158.66666666666669
189.0
164.66666666666666
176.33333333333334
176.66666666666666
175.33333333333334
161.0
179.0
171.0
166.33333333333334
174.33333333333334
167.33333333333334
175.0
165.33333333333334
169.33333333333334
166.33333333333334
182.33333333333331
172.0
177.66666666666666
178.66666666666666
169.33333333333334
182.66666666666669
160.66666666666669
