316.5
313.5
333.0
302.0
315.0
332.5
317.5
325.5
305.5
318.5
319.5
289.0
320.0
311.5
301.5
329.0
318.0
318.5
314.0
329.5
313.5
297.0
326.5
299.5
314.5
293.0
307.5
316.5
329.0
324.0
297.5
306.5
311.5
310.5
293.0
329.0
316.0
317.0
326.5
315.0
307.5
290.0
319.5
299.0
318.5
301.0
308.0
286.0
317.0
335.0
309.0
297.0
297.0
299.0
328.5
312.0
288.0
311.5
324.5
317.5
311.5
307.0
313.5
328.5
320.5
312.0
337.5
295.0
315.0
293.5
322.5
321.5
318.0
314.5
295.0
305.0
322.5
322.5
314.0
308.5
320.0
303.5
309.0
321.0
327.0
330.0
317.5
311.0
304.0
319.5
313.0
317.5
307.5
294.5
307.5
301.5
333.0
307.0
332.5
321.5
