39.0
41.666666666666664
44.5
47.83333333333333
44.5
45.166666666666664
42.833333333333336
42.833333333333336
49.166666666666664
44.333333333333336
48.666666666666664
43.0
39.66666666666667
43.333333333333336
43.5
49.666666666666664
43.0
43.666666666666664
43.0
50.0
44.0
44.0
40.666666666666664
48.0
44.833333333333336
43.333333333333336
43.666666666666664
43.333333333333336
48.333333333333336
45.83333333333333
48.16666666666667
43.333333333333336
46.5
44.5
44.166666666666664
43.0
44.833333333333336
46.66666666666667
45.83333333333333
45.333333333333336
49.666666666666664
47.16666666666667
48.333333333333336
42.166666666666664
46.16666666666667
47.0
46.0
43.666666666666664
48.5
42.0
45.0
48.16666666666667
44.0
45.333333333333336
41.0
44.166666666666664
42.0
45.83333333333333
47.0
46.83333333333333
44.0
41.833333333333336
46.5
41.333333333333336
47.83333333333333
45.83333333333333
46.0
44.5
47.33333333333333
43.166666666666664
43.166666666666664
48.833333333333336
42.666666666666664
43.666666666666664
40.666666666666664
47.16666666666667
44.833333333333336
43.5
44.166666666666664
44.833333333333336
39.0
47.16666666666667
52.833333333333336
41.5
42.0
42.5
46.16666666666667
44.5
48.333333333333336
49.333333333333336
40.0
46.16666666666667
51.333333333333336
43.166666666666664
49.833333333333336
46.16666666666667
45.0
42.333333333333336
45.0
46.5
