64.5
59.25
67.25
74.0
66.5
64.75
68.5
63.5
69.25
63.0
63.75
66.75
63.25
67.75
73.5
66.5
66.25
72.0
62.75
69.5
67.25
67.75
67.0
62.5
72.5
60.0
71.0
64.25
73.0
64.5
61.25
59.0
69.0
66.25
67.5
64.75
67.75
66.5
71.0
64.75
66.5
68.0
63.75
74.75
67.25
70.25
68.75
70.0
58.75
64.5
67.75
69.25
64.5
63.0
70.75
71.75
77.5
62.75
67.5
62.5
64.0
67.5
66.5
55.75
63.75
57.25
70.25
59.75
68.25
63.25
63.25
66.0
62.0
73.5
64.75
71.0
65.0
73.0
68.25
65.25
66.75
66.5
72.25
66.0
68.0
69.75
70.75
71.5
68.25
66.25
69.0
64.75
68.75
63.0
64.5
66.75
68.0
69.75
66.25
66.0
